0.455337752941
1.455337752941
2.455337752941
3.455337752941
4.455337752941
5.455337752941
6.455337752941
7.455337752941
8.455337752941
9.455337752941
10.455337752941
11.455337752941
12.455337752941
13.455337752941
14.455337752941
15.455337752941
16.455337752941
17.455337752941
18.455337752941
19.455337752941
20.455337752941
21.455337852941
22.455337852941
23.455337852941
24.455337852941
25.455337852941
26.455337852941
27.455337852941
28.455337852941
29.455337852941
30.455337852941
31.455337852941
32.455337852941
33.455337852941
34.455337852941
35.455337852941
36.455337852941
37.455337852941
38.455337852941
39.455339552941
40.455339552941
41.455339552941
42.455339552941
43.455339552941
44.455339552941
45.455339552941
46.455339552941
47.455339552941
48.455339752941
49.455339752941
50.455339752941
51.455339752941
52.455339752941
53.455339752941
54.455339752941
55.455339752941
56.455339752941
57.455339752941
58.455339852941
59.455339852941
60.455339852941
61.455339852941
62.455339852941
63.455339852941
64.455339852941
65.455339852941
66.455339852941
67.455339852941
68.455339852941
69.455339852941
70.455339852941
71.455339852941
72.455339852941
73.455339852941
74.455339852941
75.455339852941
76.455339852941
77.455339852941
78.455339852941
79.455339852941
80.455339852941
81.455339852941
82.455339852941
83.455339852941
84.455339852941
85.455339852941
86.455339852941
87.455339852941
88.455339852941
89.455339852941
90.455339852941
91.455339852941
92.455339852941
93.455339852941
94.455339852941
95.455339852941
96.455339852941
97.455339852941
98.455339852941
99.455339852941
100.455339852941
101.455339852941
102.455339852941
103.455339852941
104.455339852941
105.455339852941
106.455339852941
107.455339852941
108.455339852941
109.455339852941
110.455339852941
111.455339852941
112.455339852941
113.455339852941
114.455339852941
115.455339852941
116.455339852941
117.455339852941
118.455339852941
119.455339952941
120.455339952941
121.455339952941
122.455339952941
123.455339952941
124.455339952941
125.455339952941
126.455339952941
127.455339952941
128.455339952941
129.455339952941
130.455339952941
131.455339952941
132.455339952941
133.455339952941
134.455339952941
135.455339952941
136.455339952941
137.455339952941
138.455339952941
139.455339952941
140.455339952941
141.455339952941
142.455339952941
143.455339952941
144.455339952941
145.455339952941
146.455339952941
147.455339952941
148.455339952941
149.455339952941
150.455339952941
151.455339952941
152.455339952941
153.455339952941
154.455339952941
155.455339952941
156.455339952941
157.455339952941
158.455339952941
159.455339952941
160.455339952941
161.455339952941
162.455339952941
163.455339952941
164.455339952941
165.455339952941
166.455339952941
167.455339952941
168.455339952941
169.455339952941
170.455339952941
171.455339952941
172.455339952941
173.455339952941
174.455339952941
175.455339952941
176.455339952941
177.455339952941
178.455339952941
179.455339952941
180.455339952941
181.455339952941
182.455339952941
183.455339952941
184.455339952941
185.455339952941
186.455339952941
187.455339952941
188.455339952941
189.455339952941
190.455339952941
191.455339952941
192.455339952941
193.455339952941
194.455339952941
195.455339952941
196.455339952941
197.455339952941
198.455339952941
199.455339952941
200.455339952941
201.455339952941
202.455339952941
203.455339952941
204.455339952941
205.455339952941
206.455339952941
207.455339952941
208.455339952941
209.455339952941
210.455339952941
211.455339952941
212.455339952941
213.455339952941
214.455339952941
215.455339952941
216.455339952941
217.455339952941
218.455339952941
219.455339952941
220.455339952941
221.455339952941
222.455339952941
223.455339952941
224.455339952941
225.455339952941
226.455339952941
227.455339952941
228.455340052941
229.455340152941
230.455340152941
231.455340152941
232.455340152941
233.455340152941
234.455340152941
235.455340152941
236.455340152941
237.455340152941
238.455340152941
239.455340152941
240.455340152941
241.455340152941
242.455340152941
243.455340152941
244.455340152941
245.455340152941
246.455340152941
247.455340152941
248.455340152941
249.455340152941
250.455340152941
251.455340152941
252.455340152941
253.455340152941
254.455340152941
255.455340152941
256.455340152941
257.455340152941
258.455340152941
259.455340152941
260.455340152941
261.455340152941
262.455340152941
263.455340152941
264.455340152941
265.455340152941
266.455340152941
267.455340152941
268.455340152941
269.455340152941
270.455340152941
271.455340152941
272.455340152941
273.455340152941
274.455340152941
275.455340152941
276.455340152941
277.455340152941
278.455340152941
279.455340152941
280.455340152941
281.455340152941
282.455340152941
283.455340152941
284.455340152941
285.455340152941
286.455340152941
287.455340152941
288.455340152941
289.455340152941
290.455340152941
291.455340152941
292.455340152941
293.455340152941
294.455340152941
295.455340152941
296.455340152941
297.455340152941
298.455340152941
299.455340152941
300.455340152941
301.455340152941
302.455340152941
303.455340152941
304.455340152941
305.455340152941
306.455340152941
307.455340152941
308.455340152941
309.455340152941
310.455340152941
311.455340152941
312.455340152941
313.455340152941
314.455340152941
315.455340152941
316.455340152941
317.455340152941
318.455340152941
319.455340152941
320.455340152941
321.455340152941
322.455340152941
323.455340152941
324.455340152941
325.455340152941
326.455340152941
327.455340152941
328.455340152941
329.455340152941
330.455340152941
331.455340152941
332.455340152941
333.455340152941
334.455340152941
335.455340152941
336.455340152941
337.455340152941
338.455340152941
339.455340152941
340.455340152941
341.455340152941
342.455340152941
343.455340152941
344.455340152941
345.455340152941
346.455340152941
347.455340152941
348.455340152941
349.455340152941
350.455340152941
351.455340152941
352.455340152941
353.455340152941
354.455340152941
355.455340152941
356.455340152941
357.455340152941
358.455340152941
359.455340152941
360.455340152941
361.455340152941
362.455340152941
363.455340152941
364.455340152941
365.455340152941
366.455340152941
367.455340152941
368.455340152941
369.455340152941
370.455340152941
371.455340152941
372.455340152941
373.455340152941
374.455340152941
375.455340152941
376.455340152941
377.455340152941
378.455340152941
379.455340152941
380.455340152941
381.455340152941
382.455340152941
383.455340152941
384.455340152941
385.455340152941
386.455340152941
387.455340152941
388.455340152941
389.455340152941
390.455340152941
391.455340152941
392.455340152941
393.455340152941
394.455340152941
395.455340152941
396.455340152941
397.455340152941
398.455340152941
399.455340152941
400.455340152941
401.455340152941
402.455340152941
403.455340152941
404.455340152941
405.455340152941
406.455340152941
407.455340152941
408.455340152941
409.455340152941
410.455340152941
411.455340152941
412.455340152941
413.455340152941
414.455340152941
415.455340152941
416.455340152941
417.455340152941
418.455340152941
419.455340152941
420.455340152941
421.455340152941
422.455340152941
423.455340152941
424.455340152941
425.455340152941
426.455340152941
427.455340152941
428.455340152941
429.455340152941
430.455340152941
431.455340152941
432.455340152941
433.455340152941
434.455340152941
435.455340152941
436.455340152941
437.455340152941
438.455342152941
439.455342152941
440.455342152941
441.455342152941
442.455342152941
443.455342152941
444.455342152941
445.455342152941
446.455342152941
447.455342152941
448.455342152941
449.455342152941
450.455342152941
451.455342152941
452.455342152941
453.455342152941
454.455342152941
455.455342152941
456.455342152941
457.455342152941
458.455342152941
459.455342152941
460.455342152941
461.455342152941
462.455342152941
463.455342152941
464.455342152941
465.455342152941
466.455342152941
467.455342152941
468.455342152941
469.455342152941
470.455342152941
471.455342152941
472.455342152941
473.455342152941
474.455342152941
475.455342152941
476.455342152941
477.455342152941
478.455342152941
479.455342152941
480.455342152941
481.455342152941
482.455342152941
483.455342152941
484.455342152941
485.455342152941
486.455342152941
487.455342152941
488.455342152941
489.455342152941
490.455342152941
491.455342152941
492.455342152941
493.455342152941
494.455342152941
495.455342152941
496.455342152941
497.455342152941
498.455342152941
499.455342152941
500.455342152941
501.455342152941
502.455342152941
503.455342152941
504.455342152941
505.455342152941
506.455342152941
507.455342152941
508.455342152941
509.455342152941
510.455342152941
511.455342152941
512.455342152941
513.455342152941
514.455342152941
515.455342152941
516.455342152941
517.455342152941
518.455342152941
519.455342152941
520.455342152941
521.455342152941
522.455342152941
523.455342152941
524.455342152941
525.455342152941
526.455342152941
527.455342152941
528.455342152941
529.455342152941
530.455342152941
531.455342152941
532.455342152941
533.455342152941
534.455342152941
535.455342152941
536.455342152941
537.455342152941
538.455342152941
539.455342152941
540.455342152941
541.455342152941
542.455342152941
543.455342152941
544.455342152941
545.455342152941
546.455342152941
547.455342152941
548.455342152941
549.455342152941
550.455342152941
551.455342152941
552.455342152941
553.455342152941
554.455342152941
555.455342152941
556.455342152941
557.455342152941
558.455342152941
559.455342152941
560.455342152941
561.455342152941
562.455342152941
563.455342152941
564.455342152941
565.455342152941
566.455342152941
567.455342152941
568.455342158823
569.455342158823
570.455342158823
571.455342158823
572.455342158823
573.455342158823
574.455342158823
575.455342158823
576.455342158823
577.455342158823
578.455342158823
579.455342158823
580.455342158823
581.455342158823
582.455342158823
583.455342158823
584.455342158823
585.455342158823
586.455342158823
587.455342158823
588.455342158823
589.455342158823
590.455342158823
591.455342158823
592.455342158823
593.455342158823
594.455342158823
595.455342158823
596.455342158823
597.455342158823
598.455342158823
599.455342158823
600.455342158823
601.455342158823
602.455342158823
603.455342158823
604.455342158823
605.455342158823
606.455342158823
607.455342158823
608.455342158823
609.455342158823
610.455342158823
611.455342158823
612.455342158823
613.455342158823
614.455342158823
615.455342158823
616.455342158823
617.455342158823
618.455342158823
619.455342158823
620.455342158823
621.455342158823
622.455342158823
623.455342158823
624.455342158823
625.455342158823
626.455342158823
627.455342158823
628.455342158823
629.455342158823
630.455342158823
631.455342158823
632.455342158823
633.455342158823
634.455342158823
635.455342158823
636.455342158823
637.455342158823
638.455342158823
639.455342158823
640.455342158823
641.455342158823
642.455342158823
643.455342158823
644.455342158823
645.455342158823
646.455342158823
647.455342158823
648.455342158823
649.455342158823
650.455342158823
651.455342158823
652.455342158823
653.455342158823
654.455342158823
655.455342158823
656.455342158823
657.455342158823
658.455342158823
659.455342158823
660.455342158823
661.455342158823
662.455342158823
663.455342158823
664.455342158823
665.455342158823
666.455342158823
667.455342158823
668.455342158823
669.455342158823
670.455342158823
671.455342158823
672.455342158823
673.455342158823
674.455342158823
675.455342158823
676.455342158823
677.455342158823
678.455342158823
679.455342158823
680.455342158823
681.455342158823
682.455342158823
683.455342158823
684.455342158823
685.455342158823
686.455342158823
687.455342158823
688.455342158823
689.455342158823
690.455342158823
691.455342158823
692.455342158823
693.455342158823
694.455342158823
695.455342158823
696.455342158823
697.455342158823
698.455342158823
699.455342158823
700.455342158823
701.455342158823
702.455342158823
703.455342158823
704.455342158823
705.455342158823
706.455342158823
707.455342158823
708.455342158823
709.455342158823
710.455342158823
711.455342158823
712.455342158823
713.455342158823
714.455342158823
715.455342158823
716.455342158823
717.455342158823
718.455342158823
719.455342158823
720.455342158823
721.455342158823
722.455342158823
723.455342158823
724.455342158823
725.455342158823
726.455342158823
727.455342158823
728.455342158823
729.455342158823
730.455342158823
731.455342158823
732.455342158823
733.455342158823
734.455342158823
735.455342158823
736.455342158823
737.455342158823
738.455342158823
739.455342158823
740.455342158823
741.455342158823
742.455342158823
743.455342158823
744.455342158823
745.455342158823
746.455342158823
747.455342158823
748.455343358823
749.455343358823
750.455343358823
751.455343358823
752.455343358823
753.455343358823
754.455343358823
755.455343358823
756.455343358823
757.455343358823
758.455343358823
759.455343358823
760.455343358823
761.455343358823
762.455343358823
763.455343358823
764.455343358823
765.455343358823
766.455343358823
767.455343358823
768.455343358823
769.455343358823
770.455343358823
771.455343358823
772.455343358823
773.455343358823
774.455343358823
775.455343358823
776.455343358823
777.455343358823
778.455343358823
779.455343358823
780.455343358823
781.455343358823
782.455343358823
783.455343358823
784.455343358823
785.455343358823
786.455343358823
787.455343358823
788.455343358823
789.455343358823
790.455343358823
791.455343358823
792.455343358823
793.455343358823
794.455343358823
795.455343358823
796.455343358823
797.455343358823
798.455343358823
799.455343358823
800.455343358823
801.455343358823
802.455343358823
803.455343358823
804.455343358823
805.455343358823
806.455343358823
807.455343358823
808.455343358823
809.455343358823
810.455343358823
811.455343358823
812.455343358823
813.455343358823
814.455343358823
815.455343358823
816.455343358823
817.455343358823
818.455343358823
819.455343358823
820.455343358823
821.455343358823
822.455343358823
823.455343358823
824.455343358823
825.455343358823
826.455343358823
827.455343358823
828.455343358823
829.455343358823
830.455343358823
831.455343358823
832.455343358823
833.455343358823
834.455343358823
835.455343358823
836.455343358823
837.455343358823
838.455343358823
839.455343358823
840.455343358823
841.455343358823
842.455343358823
843.455343358823
844.455343358823
845.455343358823
846.455343358823
847.455343358823
848.455343358823
849.455343358823
850.455343358823
851.455343358823
852.455343358823
853.455343358823
854.455343358823
855.455343358823
856.455343358823
857.455343358823
858.455343358823
859.455343358823
860.455343358823
861.455343358823
862.455343358823
863.455343358823
864.455343358823
865.455343358823
866.455343358823
867.455343358823
868.455343358823
869.455343358823
870.455343358823
871.455343358823
872.455343358823
873.455343358823
874.455343358823
875.455343358823
876.455343358823
877.455343358823
878.455343358823
879.455343358823
880.455343358823
881.455343358823
882.455343358823
883.455343358823
884.455343358823
885.455343358823
886.455343358823
887.455343358823
888.455343358823
889.455343358823
890.455343358823
891.455343358823
892.455343358823
893.455343358823
894.455343358823
895.455343358823
896.455343358823
897.455343358823
898.455343358823
899.455343358823
900.455343358823
901.455343358823
902.455343358823
903.455343358823
904.455343358823
905.455343358823
906.455343358823
907.455343358823
908.455343358823
909.455343358823
910.455343358823
911.455343358823
912.455343358823
913.455343358823
914.455343358823
915.455343358823
916.455343358823
917.455343358823
918.455343358823
919.455343358823
920.455343358823
921.455343358823
922.455343358823
923.455343358823
924.455343358823
925.455343358823
926.455343358823
927.455343358823
928.455343358823
929.455343358823
930.455343358823
931.455343358823
932.455343358823
933.455343358823
934.455343358823
935.455343358823
936.455343358823
937.455343358823
938.455343358823
939.455343358823
940.455343358823
941.455343358823
942.455343358823
943.455343358823
944.455343358823
945.455343358823
946.455343358823
947.455343358823
948.455343358823
949.455343358823
950.455343358823
951.455343358823
952.455343358823
953.455343358823
954.455343358823
955.455343358823
956.455343358823
957.455343358823
958.455343358823
959.455343358823
960.455343358823
961.455343358823
962.455343358823
963.455343358823
964.455343358823
965.455343358823
966.455343358823
967.455343358823
968.455343358823
969.455343358823
970.455343358823
971.455343358823
972.455343358823
973.455343358823
974.455343358823
975.455343358823
976.455343358823
977.455343358823
978.455343358823
979.455343358823
980.455343358823
981.455343358823
982.455343358823
983.455343358823
984.455343358823
985.455343358823
986.455343358823
987.455343358823
988.455343358823
989.455343358823
990.455343358823
991.455343358823
992.455343358823
993.455343358823
994.455343358823
995.455343358823
996.455343358823
997.455343358823
998.455343358823
999.455343358823
1000.455343358823
1001.455344458823
1002.455344758823
1003.455344758823
1004.455344758823
1005.455344758823
1006.455344758823
1007.455344758823
1008.455344758823
1009.455344758823
1010.455344758823
1011.455344758823
1012.455344758823
1013.455344758823
1014.455344758823
1015.455344758823
1016.455344758823
1017.455344758823
1018.455344758823
1019.455344758823
1020.455344758823
1021.455344758823
1022.455344758823
1023.455344758823
1024.455344758823
1025.455344758823
1026.455344758823
1027.455344758823
1028.455344758823
1029.455344758823
1030.455344758823
1031.455344758823
1032.455344758823
1033.455344758823
1034.455344758823
1035.455344758823
1036.455344758823
1037.455344758823
1038.455344758823
1039.455344758823
1040.455344758823
1041.455344758823
1042.455344758823
1043.455344758823
1044.455344758823
1045.455344758823
1046.455344758823
1047.455344758823
1048.455344758823
1049.455344758823
1050.455344758823
1051.455344758823
1052.455344758823
1053.455344758823
1054.455344758823
1055.455344758823
1056.455344758823
1057.455344758823
1058.455344758823
1059.455344758823
1060.455344758823
1061.455344758823
1062.455344758823
1063.455344758823
1064.455344758823
1065.455344758823
1066.455344758823
1067.455344758823
1068.455344758823
1069.455344758823
1070.455344758823
1071.455344758823
1072.455344758823
1073.455344758823
1074.455344758823
1075.455344758823
1076.455344758823
1077.455344758823
1078.455344758823
1079.455344758823
1080.455344758823
1081.455344758823
1082.455344758823
1083.455344758823
1084.455344758823
1085.455344758823
1086.455344758823
1087.455344758823
1088.455344758823
1089.455344758823
1090.455344758823
1091.455344758823
1092.455344758823
1093.455344758823
1094.455344758823
1095.455344758823
1096.455344758823
1097.455344758823
1098.455344758823
1099.455344758823
1100.455344758823
1101.455344758823
1102.455344758823
1103.455344758823
1104.455344758823
1105.455344758823
1106.455344758823
1107.455344758823
1108.455344758823
1109.455344758823
1110.455344758823
1111.455344758823
1112.455344758823
1113.455344758823
1114.455344758823
1115.455344758823
1116.455344758823
1117.455344758823
1118.455344758823
1119.455344758823
1120.455344758823
1121.455344758823
1122.455344758823
1123.455344758823
1124.455344758823
1125.455344758823
1126.455344758823
1127.455344758823
1128.455344758823
1129.455344758823
1130.455344758823
1131.455344758823
1132.455344758823
1133.455344758823
1134.455344758823
1135.455344758823
1136.455344758823
1137.455344758823
1138.455344758823
1139.455344758823
1140.455344758823
1141.455344758823
1142.455344758823
1143.455344758823
1144.455344758823
1145.455344758823
1146.455344758823
1147.455344758823
1148.455344758823
1149.455344758823
1150.455344758823
1151.455344758823
1152.455344758823
1153.455344758823
1154.455344758823
1155.455344758823
1156.455344758823
1157.455344758823
1158.455344758823
1159.455344758823
1160.455344758823
1161.455344758823
1162.455344758823
1163.455344758823
1164.455344758823
1165.455344758823
1166.455344758823
1167.455345558823
1168.455345558823
1169.455345558823
1170.455345558823
1171.455345558823
1172.455345558823
1173.455345558823
1174.455345558823
1175.455345558823
1176.455345558823
1177.455345558823
1178.455345558823
1179.455345558823
1180.455345558823
1181.455345558823
1182.455345558823
1183.455345558823
1184.455345558823
1185.455345558823
1186.455345558823
1187.455345558823
1188.455345558823
1189.455345558823
1190.455345558823
1191.455345558823
1192.455345558823
1193.455345558823
1194.455345558823
1195.455345558823
1196.455345558823
1197.455345558823
1198.455345558823
1199.455345558823
1200.455345558823
1201.455345558823
1202.455345558823
1203.455345558823
1204.455345558823
1205.455345558823
1206.455345558823
1207.455345558823
1208.455345558823
1209.455345558823
1210.455345558823
1211.455345558823
1212.455345558823
1213.455345558823
1214.455345558823
1215.455345558823
1216.455345558823
1217.455345558823
1218.455345558823
1219.455345558823
1220.455345558823
1221.455345558823
1222.455345558823
1223.455345558823
1224.455345558823
1225.455345558823
1226.455345558823
1227.455345558823
1228.455345558823
1229.455345558823
1230.455345558823
1231.455345558823
1232.455345558823
1233.455345558823
1234.455345558823
1235.455345558823
1236.455345558823
1237.455345558823
1238.455345558823
1239.455345558823
1240.455345558823
1241.455345558823
1242.455345558823
1243.455345558823
1244.455345558823
1245.455345558823
1246.455345558823
1247.455345558823
1248.455345558823
1249.455345558823
1250.455345558823
1251.455345558823
1252.455345558823
1253.455345558823
1254.455345558823
1255.455345558823
1256.455345558823
1257.455345558823
1258.455345558823
1259.455345558823
1260.455345558823
1261.455345558823
1262.455345558823
1263.455345558823
1264.455345558823
1265.455345558823
1266.455345558823
1267.455345558823
1268.455345558823
1269.455345558823
1270.455345558823
1271.455345558823
1272.455345558823
1273.455345558823
1274.455345558823
1275.455345558823
1276.455345558823
1277.455345558823
1278.455345558823
1279.455345558823
1280.455345558823
1281.455345558823
1282.455345558823
1283.455345558823
1284.455345558823
1285.455345558823
1286.455345558823
1287.455345558823
1288.455345558823
1289.455345558823
1290.455345558823
1291.455345558823
1292.455345558823
1293.455345558823
1294.455345558823
1295.455345558823
1296.455345558823
1297.455345558823
1298.455345558823
1299.455345558823
1300.455345558823
1301.455345558823
1302.455345558823
1303.455345558823
1304.455345558823
1305.455345558823
1306.455345558823
1307.455345558823
1308.455345558823
1309.455345558823
1310.455345558823
1311.455345558823
1312.455345558823
1313.455345558823
1314.455345558823
1315.455345558823
1316.455345558823
1317.455345558823
1318.455345558823
1319.455345558823
1320.455345558823
1321.455345558823
1322.455345558823
1323.455345558823
1324.455345558823
1325.455345558823
1326.455345558823
1327.455345558823
1328.455345558823
1329.455345558823
1330.455345558823
1331.455345558823
1332.455345558823
1333.455345558823
1334.455345558823
1335.455345558823
1336.455345558823
1337.455345558823
1338.455345558823
1339.455345558823
1340.455345558823
1341.455345558823
1342.455345558823
1343.455345558823
1344.455345558823
1345.455345558823
1346.455345558823
1347.455345558823
1348.455345558823
1349.455345558823
1350.455345558823
1351.455345558823
1352.455345558823
1353.455345558823
1354.455345558823
1355.455345558823
1356.455345558823
1357.455345558823
1358.455345558823
1359.455345558823
1360.455345558823
1361.455345558823
1362.455345558823
1363.455345558823
1364.455345558823
1365.455345558823
1366.455345558823
1367.455345558823
1368.455345558823
1369.455345558823
1370.455345558823
1371.455345558823
1372.455345558823
1373.455345558823
1374.455345558823
1375.455345558823
1376.455345558823
1377.455345558823
1378.455345558823
1379.455345558823
1380.455345558823
1381.455345558823
1382.455345558823
1383.455345558823
1384.455345558823
1385.455345558823
1386.455345558823
1387.455345558823
1388.455345558823
1389.455345558823
1390.455345558823
1391.455345558823
1392.455345558823
1393.455345558823
1394.455345558823
1395.455345558823
1396.455345558823
1397.455345558823
1398.455345558823
1399.455345558823
1400.455345558823
1401.455345558823
1402.455345558823
1403.455345558823
1404.455345558823
1405.455345558823
1406.455345558823
1407.455345558823
1408.455345558823
1409.455345558823
1410.455345564705
1411.455345564705
1412.455345564705
1413.455345558823
1414.455345558823
1415.455345558823
1416.455345564705
1417.455345564705
1418.455345564705
1419.455345564705
1420.455345564705
1421.455345564705
1422.455345558823
1423.455345558823
1424.455345558823
1425.455345564705
1426.455345564705
1427.455345564705
1428.455345558823
1429.455345558823
1430.455345558823
1431.455345564705
1432.455345564705
1433.455345564705
1434.455345558823
1435.455345558823
1436.455345564705
1437.455345564705
1438.455345564705
1439.455345558823
1440.455345558823
1441.455345564705
1442.455345558823
1443.455345564705
1444.455345564705
1445.455345564705
1446.455345564705
1447.455345564705
1448.455345564705
1449.455345564705
1450.455345564705
1451.455345558823
1452.455345558823
1453.455345564705
1454.455345558823
1455.455345558823
1456.455345564705
1457.455345564705
1458.455345558823
1459.455345564705
1460.455345564705
1461.455345564705
1462.455345564705
1463.455345558823
1464.455345564705
1465.455345564705
1466.455345558823
1467.455345564705
1468.455345558823
1469.455345558823
1470.455345564705
1471.455345558823
1472.455345564705
1473.455345558823
1474.455345564705
1475.455345564705
1476.455345558823
1477.455345558823
1478.455345558823
1479.455345564705
1480.455345564705
1481.455345558823
1482.455345564705
1483.455345564705
1484.455345558823
1485.455346558823
1486.455346564705
1487.455346564705
1488.455346558823
1489.455346564705
1490.455346558823
1491.455346558823
1492.455346558823
1493.455346564705
1494.455346558823
1495.455346558823
1496.455346564705
1497.455346558823
1498.455346564705
1499.455346558823
1500.455346558823
1501.455346558823
1502.455346564705
1503.455346558823
1504.455346558823
1505.455346558823
1506.455346558823
1507.455346564705
1508.455346558823
1509.455346558823
1510.455346564705
1511.455346564705
1512.455346564705
1513.455346564705
1514.455346564705
1515.455346558823
1516.455346558823
1517.455346564705
1518.455346564705
1519.455346564705
1520.455346558823
1521.455346564705
1522.455346564705
1523.455346558823
1524.455346564705
1525.455346564705
1526.455346558823
1527.455346564705
1528.455346564705
1529.455346558823
1530.455346564705
1531.455346564705
1532.455346558823
1533.455346564705
1534.455346564705
1535.455346564705
1536.455346558823
1537.455346564705
1538.455346564705
1539.455346564705
1540.455346564705
1541.455346564705
1542.455346558823
1543.455346558823
1544.455346558823
1545.455346564705
1546.455346558823
1547.455346558823
1548.455346564705
1549.455346558823
1550.455346558823
1551.455346558823
1552.455346558823
1553.455346564705
1554.455346558823
1555.455346558823
1556.455346558823
1557.455346558823
1558.455346564705
1559.455346564705
1560.455346564705
1561.455346564705
1562.455346564705
1563.455346564705
1564.455346558823
1565.455346558823
1566.455346558823
1567.455346564705
1568.455346558823
1569.455346564705
1570.455346564705
1571.455346558823
1572.455346564705
1573.455346558823
1574.455346558823
1575.455346564705
1576.455346564705
1577.455346558823
1578.455346558823
1579.455346564705
1580.455346558823
1581.455346564705
1582.455346564705
1583.455346564705
1584.455346558823
1585.455346558823
1586.455346564705
1587.455346564705
1588.455346564705
1589.455346564705
1590.455346564705
1591.455346564705
1592.455346564705
1593.455346558823
1594.455346558823
1595.455346558823
1596.455346558823
1597.455346564705
1598.455346558823
1599.455346564705
1600.455346558823
1601.455346558823
1602.455346558823
1603.455346558823
1604.455346558823
1605.455346558823
1606.455346558823
1607.455346564705
1608.455346558823
1609.455346558823
1610.455346558823
1611.455346558823
1612.455346564705
1613.455346558823
1614.455346564705
1615.455346564705
1616.455346558823
1617.455346558823
1618.455346564705
1619.455346564705
1620.455346564705
1621.455346564705
1622.455346564705
1623.455346558823
1624.455346558823
1625.455346564705
1626.455346564705
1627.455346564705
1628.455346564705
1629.455346564705
1630.455346564705
1631.455346564705
1632.455346564705
1633.455346564705
1634.455346564705
1635.455346564705
1636.455346564705
1637.455346564705
1638.455346564705
1639.455346564705
1640.455346564705
1641.455346564705
1642.455346564705
1643.455346564705
1644.455346564705
1645.455346564705
1646.455346564705
1647.455346564705
1648.455346564705
1649.455346564705
1650.455346564705
1651.455346564705
1652.455346564705
1653.455346564705
1654.455346564705
1655.455346564705
1656.455346564705
1657.455346564705
1658.455346564705
1659.455346564705
1660.455346564705
1661.455346564705
1662.455346564705
1663.455346564705
1664.455346564705
1665.455346564705
1666.455346564705
1667.455346564705
1668.455346564705
1669.455346564705
1670.455346564705
1671.455346564705
1672.455346564705
1673.455346564705
1674.455346564705
1675.455346564705
1676.455346564705
1677.455346564705
1678.455346564705
1679.455346564705
1680.455346564705
1681.455346564705
1682.455346564705
1683.455346564705
1684.455346564705
1685.455346564705
1686.455346564705
1687.455346564705
1688.455346564705
1689.455346564705
1690.455346564705
1691.455346564705
1692.455346564705
1693.455346564705
1694.455346564705
1695.455346564705
1696.455346564705
1697.455346564705
1698.455346564705
1699.455346564705
1700.455346564705
1701.455346564705
1702.455346564705
1703.455346564705
1704.455346564705
1705.455346564705
1706.455346564705
1707.455346564705
1708.455346564705
1709.455346564705
1710.455346564705
1711.455346564705
1712.455346564705
1713.455346564705
1714.455346564705
1715.455346564705
1716.455346564705
1717.455346564705
1718.455346564705
1719.455346564705
1720.455346564705
1721.455346564705
1722.455346564705
1723.455346564705
1724.455346564705
1725.455346564705
1726.455346564705
1727.455346564705
1728.455346564705
1729.455346564705
1730.455346564705
1731.455346564705
1732.455346564705
1733.455346564705
1734.455346564705
1735.455346564705
1736.455346564705
1737.455346564705
1738.455346564705
1739.455346564705
1740.455346564705
1741.455346564705
1742.455346564705
1743.455346564705
1744.455346564705
1745.455346564705
1746.455346564705
1747.455346564705
1748.455346564705
1749.455346564705
1750.455346564705
1751.455346564705
1752.455346564705
1753.455346564705
1754.455346564705
1755.455346564705
1756.455346564705
1757.455346564705
1758.455346564705
1759.455346564705
1760.455346564705
1761.455346564705
1762.455346564705
1763.455346564705
1764.455346564705
1765.455346564705
1766.455346564705
1767.455346564705
1768.455346564705
1769.455346564705
1770.455346564705
1771.455346564705
1772.455346564705
1773.455346564705
1774.455346564705
1775.455346564705
1776.455346564705
1777.455346564705
1778.455346564705
1779.455346564705
1780.455346564705
1781.455346564705
1782.455346564705
1783.455346564705
1784.455346564705
1785.455346564705
1786.455346564705
1787.455346564705
1788.455346564705
1789.455346564705
1790.455346564705
1791.455346564705
1792.455346564705
1793.455346564705
1794.455346564705
1795.455346564705
1796.455346564705
1797.455346564705
1798.455346564705
1799.455346564705
1800.455346564705
1801.455346564705
1802.455346564705
1803.455346564705
1804.455346564705
1805.455346564705
1806.455346564705
1807.455346564705
1808.455346564705
1809.455346564705
1810.455346564705
1811.455346564705
1812.455346564705
1813.455346564705
1814.455346564705
1815.455346564705
1816.455346564705
1817.455346564705
1818.455346564705
1819.455346564705
1820.455346564705
1821.455346564705
1822.455346564705
1823.455346564705
1824.455346564705
1825.455346564705
1826.455346564705
1827.455346564705
1828.455346564705
1829.455346564705
1830.455346564705
1831.455346564705
1832.455346564705
1833.455346564705
1834.455346564705
1835.455346564705
1836.455346564705
1837.455346564705
1838.455346564705
1839.455346564705
1840.455346564705
1841.455346564705
1842.455346564705
1843.455346564705
1844.455346564705
1845.455346564705
1846.455346564705
1847.455346564705
1848.455346564705
1849.455346564705
1850.455346564705
1851.455346564705
1852.455346564705
1853.455346564705
1854.455346564705
1855.455346564705
1856.455346564705
1857.455346564705
1858.455346564705
1859.455346564705
1860.455346564705
1861.455346564705
1862.455346564705
1863.455346564705
1864.455346564705
1865.455346564705
1866.455346564705
1867.455346564705
1868.455346564705
1869.455346564705
1870.455346564705
1871.455346564705
1872.455346564705
1873.455346564705
1874.455346564705
1875.455346564705
1876.455346564705
1877.455346564705
1878.455346564705
1879.455347964705
1880.455347964705
1881.455347964705
1882.455347964705
1883.455347964705
1884.455347964705
1885.455347964705
1886.455347964705
1887.455347964705
1888.455347964705
1889.455347964705
1890.455347964705
1891.455347964705
1892.455347964705
1893.455347964705
1894.455347964705
1895.455347964705
1896.455347964705
1897.455347964705
1898.455347964705
1899.455347964705
1900.455347964705
1901.455347964705
1902.455347964705
1903.455347964705
1904.455347964705
1905.455347964705
1906.455347964705
1907.455347964705
1908.455347964705
1909.455347964705
1910.455347964705
1911.455347964705
1912.455347964705
1913.455347964705
1914.455347964705
1915.455347964705
1916.455347964705
1917.455347964705
1918.455347964705
1919.455347964705
1920.455347964705
1921.455347964705
1922.455347964705
1923.455347964705
1924.455347964705
1925.455347964705
1926.455347964705
1927.455347964705
1928.455347964705
1929.455347964705
1930.455347964705
1931.455347964705
1932.455347964705
1933.455347964705
1934.455347964705
1935.455347964705
1936.455347964705
1937.455347964705
1938.455347964705
1939.455347964705
1940.455347964705
1941.455347964705
1942.455347964705
1943.455347964705
1944.455347964705
1945.455347964705
1946.455347964705
1947.455347964705
1948.455347964705
1949.455347964705
1950.455347964705
1951.455347964705
1952.455347964705
1953.455347964705
1954.455347964705
1955.455347964705
1956.455347964705
1957.455347964705
1958.455347964705
1959.455347964705
1960.455347964705
1961.455347964705
1962.455347964705
1963.455347964705
1964.455347964705
1965.455347964705
1966.455347964705
1967.455347964705
1968.455347964705
1969.455347964705
1970.455347964705
1971.455347964705
1972.455347964705
1973.455347964705
1974.455347964705
1975.455347964705
1976.455347964705
1977.455347964705
1978.455347964705
1979.455347964705
1980.455347964705
1981.455347964705
1982.455347964705
1983.455347964705
1984.455347964705
1985.455347964705
1986.455347964705
1987.455347964705
1988.455347964705
1989.455347964705
1990.455347964705
1991.455347964705
1992.455347964705
1993.455347964705
1994.455347964705
1995.455347964705
1996.455347964705
1997.455347964705
1998.455347964705
1999.455347964705
2000.455347964705
2001.455347964705
2002.455347964705
2003.455347964705
2004.455347964705
2005.455347964705
2006.455347964705
2007.455347964705
2008.455347964705
2009.455347964705
2010.455347964705
2011.455347964705
2012.455347964705
2013.455347964705
2014.455347964705
2015.455347964705
2016.455347964705
2017.455347964705
2018.455347964705
2019.455347964705
2020.455347964705
2021.455347964705
2022.455347964705
2023.455347964705
2024.455347964705
2025.455347964705
2026.455347964705
2027.455347964705
2028.455347964705
2029.455347964705
2030.455347964705
2031.455347964705
2032.455347964705
2033.455347964705
2034.455347964705
2035.455347964705
2036.455347964705
2037.455347964705
2038.455347964705
2039.455347964705
2040.455347964705
2041.455347964705
2042.455347964705
2043.455347964705
2044.455347964705
2045.455347964705
2046.455347964705
2047.455347964705
2048.455347964705
2049.455347964705
2050.455347964705
2051.455347964705
2052.455347964705
2053.455347964705
2054.455347964705
2055.455347964705
2056.455347964705
2057.455347964705
2058.455347964705
2059.455347964705
2060.455347964705
2061.455347964705
2062.455347964705
2063.455347964705
2064.455347964705
2065.455347964705
2066.455347964705
2067.455347964705
2068.455347964705
2069.455347964705
2070.455347964705
2071.455347964705
2072.455347964705
2073.455347964705
2074.455347964705
2075.455347964705
2076.455347964705
2077.455347964705
2078.455347964705
2079.455347964705
2080.455347964705
2081.455347964705
2082.455347964705
2083.455347964705
2084.455347964705
2085.455347964705
2086.455347964705
2087.455347964705
2088.455347964705
2089.455347964705
2090.455347964705
2091.455347964705
2092.455347964705
2093.455347964705
2094.455347964705
2095.455347964705
2096.455347964705
2097.455347964705
2098.455347964705
2099.455347964705
2100.455347964705
2101.455347964705
2102.455347964705
2103.455347964705
2104.455347964705
2105.455347964705
2106.455347964705
2107.455347964705
2108.455347964705
2109.455347964705
2110.455347964705
2111.455347964705
2112.455347964705
2113.455347964705
2114.455347964705
2115.455347964705
2116.455347964705
2117.455347964705
2118.455347964705
2119.455347964705
2120.455347964705
2121.455347964705
2122.455347964705
2123.455347964705
2124.455347964705
2125.455347964705
2126.455347964705
2127.455347964705
2128.455347964705
2129.455347964705
2130.455347964705
2131.455347964705
2132.455347964705
2133.455347964705
2134.455347964705
2135.455347964705
2136.455347964705
2137.455347964705
2138.455347964705
2139.455347964705
2140.455347964705
2141.455347964705
2142.455347964705
2143.455347964705
2144.455347964705
2145.455347964705
2146.455347964705
2147.455347964705
2148.455347964705
2149.455347964705
2150.455347964705
2151.455347964705
2152.455347964705
2153.455347964705
2154.455347964705
2155.455347964705
2156.455347964705
2157.455347964705
2158.455347964705
2159.455347964705
2160.455347964705
2161.455347964705
2162.455347964705
2163.455347964705
2164.455347964705
2165.455347964705
2166.455347964705
2167.455347964705
2168.455347964705
2169.455347964705
2170.455347964705
2171.455347964705
2172.455347964705
2173.455347964705
2174.455347964705
2175.455347964705
2176.455347964705
2177.455347964705
2178.455347964705
2179.455347964705
2180.455347964705
2181.455347964705
2182.455347964705
2183.455347964705
2184.455347964705
2185.455347964705
2186.455347964705
2187.455347964705
2188.455347964705
2189.455347964705
2190.455347964705
2191.455347964705
2192.455347964705
2193.455347964705
2194.455347964705
2195.455347964705
2196.455347964705
2197.455347964705
2198.455347964705
2199.455351164705
2200.455351164705
2201.455351164705
2202.455351164705
2203.455351164705
2204.455351164705
2205.455351164705
2206.455351164705
2207.455351164705
2208.455351164705
2209.455351164705
2210.455351164705
2211.455351164705
2212.455351164705
2213.455351164705
2214.455351164705
2215.455351164705
2216.455351164705
2217.455351164705
2218.455351164705
2219.455351164705
2220.455351164705
2221.455351164705
2222.455351164705
2223.455351164705
2224.455351164705
2225.455351164705
2226.455351164705
2227.455351164705
2228.455351164705
2229.455351164705
2230.455351164705
2231.455351164705
2232.455351164705
2233.455351164705
2234.455351164705
2235.455351164705
2236.455351164705
2237.455351164705
2238.455351164705
2239.455351164705
2240.455351164705
2241.455351164705
2242.455351164705
2243.455351164705
2244.455351164705
2245.455351164705
2246.455351164705
2247.455351164705
2248.455351164705
2249.455351164705
2250.455351164705
2251.455351164705
2252.455351164705
2253.455351164705
2254.455351164705
2255.455351164705
2256.455351164705
2257.455351164705
2258.455351164705
2259.455351164705
2260.455351164705
2261.455351164705
2262.455351164705
2263.455351164705
2264.455351164705
2265.455351164705
2266.455351164705
2267.455351164705
2268.455351164705
2269.455351164705
2270.455351164705
2271.455351164705
2272.455351164705
2273.455351164705
2274.455351164705
2275.455351164705
2276.455351164705
2277.455351164705
2278.455351164705
2279.455351164705
2280.455351164705
2281.455351164705
2282.455351164705
2283.455351164705
2284.455351164705
2285.455351164705
2286.455351164705
2287.455351164705
2288.455351164705
2289.455351164705
2290.455351164705
2291.455351164705
2292.455351164705
2293.455351164705
2294.455351164705
2295.455351164705
2296.455351164705
2297.455351164705
2298.455351164705
2299.455351164705
2300.455351164705
2301.455351164705
2302.455351164705
2303.455351164705
2304.455351164705
2305.455351164705
2306.455351164705
2307.455351164705
2308.455351164705
2309.455351164705
2310.455351164705
2311.455351164705
2312.455351164705
2313.455351164705
2314.455351164705
2315.455351164705
2316.455351164705
2317.455351164705
2318.455351164705
2319.455351164705
2320.455351164705
2321.455351164705
2322.455351164705
2323.455351164705
2324.455351164705
2325.455351164705
2326.455351164705
2327.455351164705
2328.455351164705
2329.455351164705
2330.455351164705
2331.455351164705
2332.455351164705
2333.455351164705
2334.455351164705
2335.455351164705
2336.455351164705
2337.455351164705
2338.455351164705
2339.455351164705
2340.455351164705
2341.455351164705
2342.455351164705
2343.455351164705
2344.455351164705
2345.455351164705
2346.455351164705
2347.455351164705
2348.455351164705
2349.455351164705
2350.455351164705
2351.455351164705
2352.455351164705
2353.455351164705
2354.455351164705
2355.455351164705
2356.455351164705
2357.455351164705
2358.455351164705
2359.455351164705
2360.455351164705
2361.455351164705
2362.455351164705
2363.455351164705
2364.455351164705
2365.455351164705
2366.455351164705
2367.455351164705
2368.455351164705
2369.455351164705
2370.455351164705
2371.455351164705
2372.455351164705
2373.455351164705
2374.455351164705
2375.455351164705
2376.455351164705
2377.455351164705
2378.455351164705
2379.455351164705
2380.455351164705
2381.455351164705
2382.455351164705
2383.455351164705
2384.455351164705
2385.455351164705
2386.455351164705
2387.455351164705
2388.455351164705
2389.455351164705
2390.455351164705
2391.455351164705
2392.455351164705
2393.455351164705
2394.455351164705
2395.455351164705
2396.455351164705
2397.455351164705
2398.455351164705
2399.455351164705
2400.455351164705
2401.455351164705
2402.455351164705
2403.455351164705
2404.455351164705
2405.455351164705
2406.455351164705
2407.455351164705
2408.455351164705
2409.455351164705
2410.455351164705
2411.455351164705
2412.455351164705
2413.455351164705
2414.455351164705
2415.455351164705
2416.455351164705
2417.455351164705
2418.455351164705
2419.455351164705
2420.455351164705
2421.455351164705
2422.455351164705
2423.455351164705
2424.455351164705
2425.455351164705
2426.455351164705
2427.455351164705
2428.455351164705
2429.455351164705
2430.455351164705
2431.455351164705
2432.455351164705
2433.455351164705
2434.455351164705
2435.455351164705
2436.455351164705
2437.455351164705
2438.455351164705
2439.455351164705
2440.455351164705
2441.455351164705
2442.455351164705
2443.455351164705
2444.455351164705
2445.455351164705
2446.455351164705
2447.455351164705
2448.455351164705
2449.455351164705
2450.455351164705
2451.455351164705
2452.455351164705
2453.455351164705
2454.455351164705
2455.455351164705
2456.455351164705
2457.455351164705
2458.455351164705
2459.455351164705
2460.455351164705
2461.455351164705
2462.455351164705
2463.455351164705
2464.455351164705
2465.455351164705
2466.455351170588
2467.455351170588
2468.455351170588
2469.455351170588
2470.455351170588
2471.455351170588
2472.455351170588
2473.455351170588
2474.455351170588
2475.455351170588
2476.455351170588
2477.455351170588
2478.455351170588
2479.455351170588
2480.455351170588
2481.455351170588
2482.455351170588
2483.455351170588
2484.455351170588
2485.455351170588
2486.455351170588
2487.455351170588
2488.455351170588
2489.455351170588
2490.455351170588
2491.455351170588
2492.455351170588
2493.455351170588
2494.455351170588
2495.455351170588
2496.455351170588
2497.455351170588
2498.455351170588
2499.455351170588
2500.455351170588
2501.455351170588
2502.455351170588
2503.455351170588
2504.455351170588
2505.455351170588
2506.455351170588
2507.455351170588
2508.455351170588
2509.455351170588
2510.455351170588
2511.455351170588
2512.455351170588
2513.455351170588
2514.455351170588
2515.455351170588
2516.455351170588
2517.455351170588
2518.455351170588
2519.455351170588
2520.455351170588
2521.455351170588
2522.455351170588
2523.455351170588
2524.455351170588
2525.455351170588
2526.455351170588
2527.455351170588
2528.455351170588
2529.455351170588
2530.455351170588
2531.455351170588
2532.455351170588
2533.455351170588
2534.455351170588
2535.455351170588
2536.455351170588
2537.455351170588
2538.455351170588
2539.455351170588
2540.455351170588
2541.455351170588
2542.455351170588
2543.455351170588
2544.455351170588
2545.455351170588
2546.455351170588
2547.455351170588
2548.455351170588
2549.455351170588
2550.455351170588
2551.455351170588
2552.455351170588
2553.455351270588
2554.455351670588
2555.455351670588
2556.455351670588
2557.455351670588
2558.455351670588
2559.455351670588
2560.455351670588
2561.455351670588
2562.455351670588
2563.455351670588
2564.455351670588
2565.455351670588
2566.455351670588
2567.455351670588
2568.455351670588
2569.455351670588
2570.455351670588
2571.455351670588
2572.455351670588
2573.455351670588
2574.455351670588
2575.455351670588
2576.455351670588
2577.455351670588
2578.455351670588
2579.455351670588
2580.455351670588
2581.455351670588
2582.455351670588
2583.455351670588
2584.455351670588
2585.455351670588
2586.455351670588
2587.455351670588
2588.455351670588
2589.455351670588
2590.455351670588
2591.455351670588
2592.455351670588
2593.455351670588
2594.455351670588
2595.455351670588
2596.455351670588
2597.455351670588
2598.455351670588
2599.455351670588
2600.455352170588
2601.455352170588
2602.455352170588
2603.455352170588
2604.455352170588
2605.455352170588
2606.455352170588
2607.455352170588
2608.455352170588
2609.455352170588
2610.455352170588
2611.455352170588
2612.455352170588
2613.455352170588
2614.455352170588
2615.455352170588
2616.455352170588
2617.455352170588
2618.455352170588
2619.455352170588
2620.455352170588
2621.455352170588
2622.455352170588
2623.455352170588
2624.455352170588
2625.455352170588
2626.455352170588
2627.455352170588
2628.455352170588
2629.455352170588
2630.455352170588
2631.455352170588
2632.455352170588
2633.455352170588
2634.455352170588
2635.455352170588
2636.455352170588
2637.455352170588
2638.455352170588
2639.455352170588
2640.455352170588
2641.455352170588
2642.455352170588
2643.455352170588
2644.455352170588
2645.455352170588
2646.455352170588
2647.455352170588
2648.455352170588
2649.455352170588
2650.455352170588
2651.455352170588
2652.455352170588
2653.455352170588
2654.455352170588
2655.455352170588
2656.455352170588
2657.455352170588
2658.455352170588
2659.455352170588
2660.455352170588
2661.455352170588
2662.455352170588
2663.455352170588
2664.455352170588
2665.455352170588
2666.455352170588
2667.455352170588
2668.455352170588
2669.455352170588
2670.455352170588
2671.455352170588
2672.455352170588
2673.455352170588
2674.455352170588
2675.455352170588
2676.455352170588
2677.455352170588
2678.455352170588
2679.455352170588
2680.455352170588
2681.455352170588
2682.455352170588
2683.455352170588
2684.455352170588
2685.455352170588
2686.455352170588
2687.455352170588
2688.455352170588
2689.455352170588
2690.455352170588
2691.455352170588
2692.455352170588
2693.455352170588
2694.455352170588
2695.455352170588
2696.455352170588
2697.455352170588
2698.455352170588
2699.455352170588
2700.455352170588
2701.455352170588
2702.455352170588
2703.455352170588
2704.455352170588
2705.455352170588
2706.455352170588
2707.455352170588
2708.455352170588
2709.455352170588
2710.455352170588
2711.455352170588
2712.455352170588
2713.455352170588
2714.455352170588
2715.455352170588
2716.455352170588
2717.455352170588
2718.455352170588
2719.455352170588
2720.455352170588
2721.455352170588
2722.455352170588
2723.455352170588
2724.455352170588
2725.455352170588
2726.455352170588
2727.455352170588
2728.455352170588
2729.455352170588
2730.455352170588
2731.455352170588
2732.455352170588
2733.455352170588
2734.455352170588
2735.455352170588
2736.455352170588
2737.455352170588
2738.455352170588
2739.455352170588
2740.455352170588
2741.455352170588
2742.455352170588
2743.455352170588
2744.455352170588
2745.455352170588
2746.455352170588
2747.455352170588
2748.455352170588
2749.455352170588
2750.455352170588
2751.455352170588
2752.455352170588
2753.455352170588
2754.455352170588
2755.455352170588
2756.455352170588
2757.455352170588
2758.455352170588
2759.455352170588
2760.455352170588
2761.455352170588
2762.455352170588
2763.455352170588
2764.455352170588
2765.455352170588
2766.455352170588
2767.455352170588
2768.455352170588
2769.455352170588
2770.455352170588
2771.455352170588
2772.455352170588
2773.455352170588
2774.455352170588
2775.455352170588
2776.455352170588
2777.455352170588
2778.455352170588
2779.455352170588
2780.455352170588
2781.455352170588
2782.455352170588
2783.455352170588
2784.455352170588
2785.455352170588
2786.455352170588
2787.455352170588
2788.455352170588
2789.455352170588
2790.455352170588
2791.455352170588
2792.455352170588
2793.455352170588
2794.455352170588
2795.455352170588
2796.455352170588
2797.455352170588
2798.455352170588
2799.455352170588
2800.455352170588
2801.455352170588
2802.455352170588
2803.455352170588
2804.455352170588
2805.455352170588
2806.455352170588
2807.455352170588
2808.455352170588
2809.455352170588
2810.455352170588
2811.455352170588
2812.455352170588
2813.455352170588
2814.455352170588
2815.455352170588
2816.455352170588
2817.455352170588
2818.455352170588
2819.455352170588
2820.455352170588
2821.455352170588
2822.455352170588
2823.455352170588
2824.455352170588
2825.455352170588
2826.455352170588
2827.455352170588
2828.455352170588
2829.455352170588
2830.455352170588
2831.455352170588
2832.455352170588
2833.455352170588
2834.455352170588
2835.455352170588
2836.455352170588
2837.455352170588
2838.455352170588
2839.455352170588
2840.455352170588
2841.455352170588
2842.455352170588
2843.455352170588
2844.455352170588
2845.455352170588
2846.455352170588
2847.455352170588
2848.455352170588
2849.455352170588
2850.455352170588
2851.455352170588
2852.455352170588
2853.455352170588
2854.455352170588
2855.455352170588
2856.455352170588
2857.455352170588
2858.455352170588
2859.455352170588
2860.455352170588
2861.455352170588
2862.455352170588
2863.455352170588
2864.455352170588
2865.455352170588
2866.455352170588
2867.455352170588
2868.455352170588
2869.455352170588
2870.455352170588
2871.455352170588
2872.455352170588
2873.455352170588
2874.455352170588
2875.455352170588
2876.455352170588
2877.455352170588
2878.455352170588
2879.455352170588
2880.455352170588
2881.455352170588
2882.455352170588
2883.455352170588
2884.455352170588
2885.455352170588
2886.455352170588
2887.455352170588
2888.455352170588
2889.455352170588
2890.455352170588
2891.455352170588
2892.455352170588
2893.455352170588
2894.455352170588
2895.455352170588
2896.455352170588
2897.455352170588
2898.455352170588
2899.455352170588
2900.455352170588
2901.455352170588
2902.455352170588
2903.455352170588
2904.455352170588
2905.455352170588
2906.455352170588
2907.455352170588
2908.455352170588
2909.455352170588
2910.455352170588
2911.455352170588
2912.455352170588
2913.455352170588
2914.455352170588
2915.455357370588
2916.455357370588
2917.455357370588
2918.455357370588
2919.455357370588
2920.455357370588
2921.455357370588
2922.455357370588
2923.455357370588
2924.455357370588
2925.455357370588
2926.455357370588
2927.455357370588
2928.455357370588
2929.455357370588
2930.455357370588
2931.455357370588
2932.455357370588
2933.455357370588
2934.455357370588
2935.455357370588
2936.455357370588
2937.455357370588
2938.455357370588
2939.455357370588
2940.455357370588
2941.455357370588
2942.455357370588
2943.455357370588
2944.455357370588
2945.455357370588
2946.455357370588
2947.455357370588
2948.455357370588
2949.455357370588
2950.455357370588
2951.455357370588
2952.455357370588
2953.455357370588
2954.455357370588
2955.455357370588
2956.455357370588
2957.455357370588
2958.455357370588
2959.455357370588
2960.455357370588
2961.455357370588
2962.455357370588
2963.455357370588
2964.455357370588
2965.455357370588
2966.455357370588
2967.455357370588
2968.455357370588
2969.455357370588
2970.455357370588
2971.455357370588
2972.455357370588
2973.455357370588
2974.455357370588
2975.455357370588
2976.455357370588
2977.455357370588
2978.455357370588
2979.455357370588
2980.455357370588
2981.455357370588
2982.455357370588
2983.455357370588
2984.455357370588
2985.455357370588
2986.455357370588
2987.455357370588
2988.455357370588
2989.455357370588
2990.455357370588
2991.455357370588
2992.455357370588
2993.455357370588
2994.455357370588
2995.455357370588
2996.455357370588
2997.455357370588
2998.455357370588
2999.455357370588
3000.455357370588
3001.455357370588
3002.455357370588
3003.455357370588
3004.455357370588
3005.455357370588
3006.455357370588
3007.455357370588
3008.455357370588
3009.455357370588
3010.455357370588
3011.455357370588
3012.455357370588
3013.455357370588
3014.455357370588
3015.455357370588
3016.455357370588
3017.455357370588
3018.455357370588
3019.455357370588
3020.455357370588
3021.455357370588
3022.455357370588
3023.455357370588
3024.455357370588
3025.455357370588
3026.455357370588
3027.455357370588
3028.455357370588
3029.455357370588
3030.455357370588
3031.455357370588
3032.455357370588
3033.455357370588
3034.455357370588
3035.455357370588
3036.455357370588
3037.455357370588
3038.455357370588
3039.455357370588
3040.455357370588
3041.455357370588
3042.455357370588
3043.455357370588
3044.455357370588
3045.455357370588
3046.455357370588
3047.455357370588
3048.455357370588
3049.455357370588
3050.455357370588
3051.455357370588
3052.455357370588
3053.455357370588
3054.455357370588
3055.455357370588
3056.455357370588
3057.455357370588
3058.455357370588
3059.455357370588
3060.455357370588
3061.455357370588
3062.455357370588
3063.455357370588
3064.455357370588
3065.455357370588
3066.455357370588
3067.455357370588
3068.455357370588
3069.455357370588
3070.455357370588
3071.455357370588
3072.455357370588
3073.455357370588
3074.455357370588
3075.455357370588
3076.455357370588
3077.455357370588
3078.455357370588
3079.455357370588
3080.455357370588
3081.455357370588
3082.455357370588
3083.455357370588
3084.455357370588
3085.455357370588
3086.455357370588
3087.455357370588
3088.455357370588
3089.455357370588
3090.455357370588
3091.455357370588
3092.455357370588
3093.455357370588
3094.455357370588
3095.455357370588
3096.455357370588
3097.455357370588
3098.455357370588
3099.455357370588
3100.455357370588
3101.455357370588
3102.455357370588
3103.455357370588
3104.455357370588
3105.455357370588
3106.455357370588
3107.455357370588
3108.455357370588
3109.455357370588
3110.455357370588
3111.455357370588
3112.455357370588
3113.455357370588
3114.455357370588
3115.455357370588
3116.455357370588
3117.455357370588
3118.455357370588
3119.455357370588
3120.455357370588
3121.455357370588
3122.455357370588
3123.455357370588
3124.455357370588
3125.455357370588
3126.455357370588
3127.455357370588
3128.455357370588
3129.455357370588
3130.455357370588
3131.455357370588
3132.455357370588
3133.455357370588
3134.455357370588
3135.455357370588
3136.455357370588
3137.455357370588
3138.455357370588
3139.455357370588
3140.455357370588
3141.455357370588
3142.455357370588
3143.455357370588
3144.455357370588
3145.455357370588
3146.455357370588
3147.455357370588
3148.455357370588
3149.455357370588
3150.455357370588
3151.455357370588
3152.455357370588
3153.455357370588
3154.455357370588
3155.455357370588
3156.455357370588
3157.455357370588
3158.455357370588
3159.455357370588
3160.455357370588
3161.455357370588
3162.455357370588
3163.455357370588
3164.455357370588
3165.455357370588
3166.455357370588
3167.455357370588
3168.455357370588
3169.455357370588
3170.455357370588
3171.455357370588
3172.455357370588
3173.455357370588
3174.455357370588
3175.455357370588
3176.455357370588
3177.455357370588
3178.455357370588
3179.455357370588
3180.455357370588
3181.455357370588
3182.455357370588
3183.455357370588
3184.455357370588
3185.455357370588
3186.455357370588
3187.455357370588
3188.455357370588
3189.455357370588
3190.455357370588
3191.455357370588
3192.455357370588
3193.455357370588
3194.455357370588
3195.455357370588
3196.455357370588
3197.455357370588
3198.455357370588
3199.455357370588
3200.455357370588
3201.455357370588
3202.455357370588
3203.455357370588
3204.455357370588
3205.455357370588
3206.455357370588
3207.455357370588
3208.455357370588
3209.455357370588
3210.455357370588
3211.455357370588
3212.455357370588
3213.455357370588
3214.455357370588
3215.455357370588
3216.455357370588
3217.455357370588
3218.455357370588
3219.455357370588
3220.455357370588
3221.455357370588
3222.455357370588
3223.455357470588
3224.455357470588
3225.455357470588
3226.455357470588
3227.455357470588
3228.455357470588
3229.455357470588
3230.455357470588
3231.455357470588
3232.455357470588
3233.455357470588
3234.455357470588
3235.455357470588
3236.455357470588
3237.455357470588
3238.455357470588
3239.455357470588
3240.455357470588
3241.455357470588
3242.455357470588
3243.455357470588
3244.455357470588
3245.455357470588
3246.455357470588
3247.455357470588
3248.455357470588
3249.455357470588
3250.455357470588
3251.455357470588
3252.455357470588
3253.455357470588
3254.455357470588
3255.455357470588
3256.455357470588
3257.455357470588
3258.455357470588
3259.455357470588
3260.455357470588
3261.455357470588
3262.455357470588
3263.455357470588
3264.455357470588
3265.455357470588
3266.455357470588
3267.455357470588
3268.455357470588
3269.455357470588
3270.455357470588
3271.455357470588
3272.455357470588
3273.455357470588
3274.455357470588
3275.455357470588
3276.455357470588
3277.455357470588
3278.455357470588
3279.455357470588
3280.455357470588
3281.455357470588
3282.455357470588
3283.455357470588
3284.455357470588
3285.455357470588
3286.455357470588
3287.455357470588
3288.455357470588
3289.455357470588
3290.455357470588
3291.455357470588
3292.455357470588
3293.455357470588
3294.455357470588
3295.455357470588
3296.455357470588
3297.455357470588
3298.455357470588
3299.455357470588
3300.455357470588
3301.455357470588
3302.455357470588
3303.455357470588
3304.455357470588
3305.455357470588
3306.455357470588
3307.455357470588
3308.455357470588
3309.455357470588
3310.455357470588
3311.455359370588
3312.455359370588
3313.455359370588
3314.455359370588
3315.455359370588
3316.455359370588
3317.455359370588
3318.455359376470
3319.455359370588
3320.455359370588
3321.455359376470
3322.455359370588
3323.455359370588
3324.455359370588
3325.455359370588
3326.455359370588
3327.455359376470
3328.455359376470
3329.455359370588
3330.455359370588
3331.455359370588
3332.455359370588
3333.455359370588
3334.455359376470
3335.455359376470
3336.455359376470
3337.455359370588
3338.455359370588
3339.455359376470
3340.455359370588
3341.455359370588
3342.455359370588
3343.455359370588
3344.455359370588
3345.455359370588
3346.455359376470
3347.455359370588
3348.455359370588
3349.455359370588
3350.455359370588
3351.455359370588
3352.455359370588
3353.455359370588
3354.455359370588
3355.455359370588
3356.455359370588
3357.455359370588
3358.455359370588
3359.455359370588
3360.455359370588
3361.455359370588
3362.455359370588
3363.455359376470
3364.455359370588
3365.455359376470
3366.455359376470
3367.455359376470
3368.455359370588
3369.455359370588
3370.455359370588
3371.455359370588
3372.455359370588
3373.455359370588
3374.455359376470
3375.455359370588
3376.455359370588
3377.455359370588
3378.455359370588
3379.455359376470
3380.455359376470
3381.455359376470
3382.455359370588
3383.455359370588
3384.455359370588
3385.455359370588
3386.455359370588
3387.455359370588
3388.455359370588
3389.455359370588
3390.455359370588
3391.455359370588
3392.455359376470
3393.455359370588
3394.455359370588
3395.455359370588
3396.455359376470
3397.455359370588
3398.455359370588
3399.455359370588
3400.455359370588
3401.455359370588
3402.455359370588
3403.455359370588
3404.455359376470
3405.455359376470
3406.455359370588
3407.455359376470
3408.455359376470
3409.455359370588
3410.455359376470
3411.455359370588
3412.455359370588
3413.455359370588
3414.455359370588
3415.455359370588
3416.455359370588
3417.455359376470
3418.455359370588
3419.455359376470
3420.455359370588
3421.455359370588
3422.455359376470
3423.455359370588
3424.455359370588
3425.455359370588
3426.455359370588
3427.455359376470
3428.455359370588
3429.455359370588
3430.455359370588
3431.455359370588
3432.455359370588
3433.455359370588
3434.455359376470
3435.455359370588
3436.455359370588
3437.455359370588
3438.455359376470
3439.455359376470
3440.455359370588
3441.455359370588
3442.455359370588
3443.455359370588
3444.455359376470
3445.455359376470
3446.455359370588
3447.455359370588
3448.455359370588
3449.455359370588
3450.455359370588
3451.455359370588
3452.455359370588
3453.455359370588
3454.455359370588
3455.455359370588
3456.455359370588
3457.455359370588
3458.455359376470
3459.455359376470
3460.455359370588
3461.455359370588
3462.455359370588
3463.455359376470
3464.455359370588
3465.455359370588
3466.455359376470
3467.455359370588
3468.455359376470
3469.455359370588
3470.455359376470
3471.455359370588
3472.455359370588
3473.455359370588
3474.455359376470
3475.455359370588
3476.455359376470
3477.455359370588
3478.455359370588
3479.455359370588
3480.455359370588
3481.455359370588
3482.455359370588
3483.455359370588
3484.455359370588
3485.455359370588
3486.455359370588
3487.455359370588
3488.455359370588
3489.455359370588
3490.455359370588
3491.455359370588
3492.455359370588
3493.455359370588
3494.455359370588
3495.455359370588
3496.455359370588
3497.455359370588
3498.455359376470
3499.455359370588
3500.455359370588
3501.455359370588
3502.455359376470
3503.455359370588
3504.455359370588
3505.455359376470
3506.455359370588
3507.455359376470
3508.455359370588
3509.455359370588
3510.455359370588
3511.455359370588
3512.455359370588
3513.455359370588
3514.455359370588
3515.455359370588
3516.455359370588
3517.455359370588
3518.455359370588
3519.455359370588
3520.455359370588
3521.455359370588
3522.455359376470
3523.455359376470
3524.455359376470
3525.455359376470
3526.455359376470
3527.455359376470
3528.455359376470
3529.455359376470
3530.455359376470
3531.455359376470
3532.455359376470
3533.455359376470
3534.455359376470
3535.455359376470
3536.455359376470
3537.455359376470
3538.455359376470
3539.455359376470
3540.455359376470
3541.455359376470
3542.455359376470
3543.455359376470
3544.455359376470
3545.455359376470
3546.455359376470
3547.455359376470
3548.455359376470
3549.455359376470
3550.455359376470
3551.455359376470
3552.455359376470
3553.455359376470
3554.455359376470
3555.455359376470
3556.455359376470
3557.455359376470
3558.455359376470
3559.455359376470
3560.455359376470
3561.455359376470
3562.455359376470
3563.455359376470
3564.455359376470
3565.455359376470
3566.455359376470
3567.455359376470
3568.455359376470
3569.455359376470
3570.455359376470
3571.455359376470
3572.455359376470
3573.455359376470
3574.455359376470
3575.455359376470
3576.455359376470
3577.455359376470
3578.455359376470
3579.455359376470
3580.455359376470
3581.455359376470
3582.455359376470
3583.455359376470
3584.455359376470
3585.455359376470
3586.455359376470
3587.455359376470
3588.455359376470
3589.455359376470
3590.455359376470
3591.455359376470
3592.455359376470
3593.455359376470
3594.455359376470
3595.455359376470
3596.455359376470
3597.455359376470
3598.455359376470
3599.455359376470
3600.455359376470
3601.455359376470
3602.455359376470
3603.455359376470
3604.455359376470
3605.455359376470
3606.455359376470
3607.455359376470
3608.455359376470
3609.455359376470
3610.455359376470
3611.455359376470
3612.455359376470
3613.455359376470
3614.455359376470
3615.455359376470
3616.455359376470
3617.455359376470
3618.455359376470
3619.455362376470
3620.455362376470
3621.455362376470
3622.455362376470
3623.455362376470
3624.455362376470
3625.455362376470
3626.455362376470
3627.455362376470
3628.455362376470
3629.455362376470
3630.455362376470
3631.455362376470
3632.455362376470
3633.455362376470
3634.455362376470
3635.455362376470
3636.455362376470
3637.455362376470
3638.455362376470
3639.455362376470
3640.455362376470
3641.455362376470
3642.455362376470
3643.455362376470
3644.455362376470
3645.455362376470
3646.455362376470
3647.455362376470
3648.455362376470
3649.455362376470
3650.455362376470
3651.455362376470
3652.455362376470
3653.455362376470
3654.455362376470
3655.455362376470
3656.455362376470
3657.455362376470
3658.455362376470
3659.455362376470
3660.455362376470
3661.455362376470
3662.455362376470
3663.455362376470
3664.455362376470
3665.455362376470
3666.455362376470
3667.455362376470
3668.455362376470
3669.455362376470
3670.455362376470
3671.455362376470
3672.455362376470
3673.455362376470
3674.455362376470
3675.455362376470
3676.455362376470
3677.455362376470
3678.455362376470
3679.455362376470
3680.455362376470
3681.455362376470
3682.455362376470
3683.455362376470
3684.455362376470
3685.455362376470
3686.455362376470
3687.455362376470
3688.455362376470
3689.455362376470
3690.455362376470
3691.455362376470
3692.455362376470
3693.455362376470
3694.455362376470
3695.455362376470
3696.455362376470
3697.455362376470
3698.455362376470
3699.455362376470
3700.455362376470
3701.455362376470
3702.455362376470
3703.455362376470
3704.455362376470
3705.455362376470
3706.455362376470
3707.455362376470
3708.455362376470
3709.455362376470
3710.455362376470
3711.455362376470
3712.455362376470
3713.455362376470
3714.455362376470
3715.455362376470
3716.455362376470
3717.455362376470
3718.455362376470
3719.455362376470
3720.455362376470
3721.455362376470
3722.455362376470
3723.455362376470
3724.455362376470
3725.455362376470
3726.455362376470
3727.455362376470
3728.455362376470
3729.455362376470
3730.455362376470
3731.455362376470
3732.455362376470
3733.455362376470
3734.455362376470
3735.455362376470
3736.455362376470
3737.455362376470
3738.455362376470
3739.455362376470
3740.455362376470
3741.455362376470
3742.455362376470
3743.455362376470
3744.455362376470
3745.455362376470
3746.455362376470
3747.455362376470
3748.455362376470
3749.455362376470
3750.455362376470
3751.455362376470
3752.455362376470
3753.455362376470
3754.455362376470
3755.455362376470
3756.455362376470
3757.455362376470
3758.455362376470
3759.455362376470
3760.455362376470
3761.455362376470
3762.455362376470
3763.455362376470
3764.455362376470
3765.455362376470
3766.455362376470
3767.455362376470
3768.455362376470
3769.455362376470
3770.455362376470
3771.455362376470
3772.455362376470
3773.455362376470
3774.455362376470
3775.455362376470
3776.455362376470
3777.455362376470
3778.455362376470
3779.455362376470
3780.455362376470
3781.455362376470
3782.455362376470
3783.455362376470
3784.455362376470
3785.455362376470
3786.455362376470
3787.455362376470
3788.455362376470
3789.455362376470
3790.455362376470
3791.455362376470
3792.455362376470
3793.455362376470
3794.455362376470
3795.455362376470
3796.455362376470
3797.455362376470
3798.455362376470
3799.455362376470
3800.455362376470
3801.455362376470
3802.455362376470
3803.455362376470
3804.455362376470
3805.455362376470
3806.455362376470
3807.455362376470
3808.455362376470
3809.455362376470
3810.455362376470
3811.455362376470
3812.455362376470
3813.455362376470
3814.455362376470
3815.455362376470
3816.455362376470
3817.455362376470
3818.455362376470
3819.455362376470
3820.455362376470
3821.455362376470
3822.455362376470
3823.455362376470
3824.455362376470
3825.455362376470
3826.455362376470
3827.455362376470
3828.455362376470
3829.455362376470
3830.455362376470
3831.455362376470
3832.455362376470
3833.455362376470
3834.455362376470
3835.455362376470
3836.455362376470
3837.455362376470
3838.455362376470
3839.455362376470
3840.455362376470
3841.455362376470
3842.455362376470
3843.455362376470
3844.455362376470
3845.455362376470
3846.455362376470
3847.455362376470
3848.455362376470
3849.455362376470
3850.455362376470
3851.455362376470
3852.455362376470
3853.455362376470
3854.455362376470
3855.455362376470
3856.455362376470
3857.455362376470
3858.455362376470
3859.455362376470
3860.455362376470
3861.455362376470
3862.455362376470
3863.455362376470
3864.455362376470
3865.455362376470
3866.455362376470
3867.455362376470
3868.455362376470
3869.455362376470
3870.455362376470
3871.455362376470
3872.455362376470
3873.455362376470
3874.455362376470
3875.455362376470
3876.455362376470
3877.455362376470
3878.455362376470
3879.455362376470
3880.455362376470
3881.455362376470
3882.455362376470
3883.455362376470
3884.455362376470
3885.455362376470
3886.455362376470
3887.455362376470
3888.455362376470
3889.455362376470
3890.455362376470
3891.455362376470
3892.455362376470
3893.455362376470
3894.455362376470
3895.455362376470
3896.455362376470
3897.455362376470
3898.455362376470
3899.455362376470
3900.455362376470
3901.455362376470
3902.455362376470
3903.455362376470
3904.455362376470
3905.455362376470
3906.455362376470
3907.455362376470
3908.455362376470
3909.455362376470
3910.455362376470
3911.455362376470
3912.455362376470
3913.455362376470
3914.455362376470
3915.455362376470
3916.455362376470
3917.455362376470
3918.455362376470
3919.455362376470
3920.455362376470
3921.455362376470
3922.455362376470
3923.455362376470
3924.455362376470
3925.455362376470
3926.455362376470
3927.455362376470
3928.455362376470
3929.455362376470
3930.455362376470
3931.455362376470
3932.455362376470
3933.455362376470
3934.455362376470
3935.455362376470
3936.455362376470
3937.455362376470
3938.455362376470
3939.455362376470
3940.455362376470
3941.455362376470
3942.455362376470
3943.455362376470
3944.455362376470
3945.455362376470
3946.455362376470
3947.455362376470
3948.455362376470
3949.455362376470
3950.455362376470
3951.455362376470
3952.455362376470
3953.455362376470
3954.455362376470
3955.455362376470
3956.455362376470
3957.455362376470
3958.455362376470
3959.455362376470
3960.455362376470
3961.455362376470
3962.455362376470
3963.455362376470
3964.455362376470
3965.455362376470
3966.455362376470
3967.455362376470
3968.455362376470
3969.455362376470
3970.455362376470
3971.455362376470
3972.455362376470
3973.455362376470
3974.455362376470
3975.455362376470
3976.455362376470
3977.455362376470
3978.455362376470
3979.455362376470
3980.455362376470
3981.455362376470
3982.455362376470
3983.455362376470
3984.455362376470
3985.455362376470
3986.455362376470
3987.455362376470
3988.455362376470
3989.455362376470
3990.455362376470
3991.455362376470
3992.455362376470
3993.455362376470
3994.455362376470
3995.455362376470
3996.455362376470
3997.455362376470
3998.455362376470
3999.455362376470
4000.455362376470
4001.455362376470
4002.455362376470
4003.455362376470
4004.455362376470
4005.455362376470
4006.455362376470
4007.455362376470
4008.455362376470
4009.455362376470
4010.455362376470
4011.455362376470
4012.455362376470
4013.455362376470
4014.455362376470
4015.455362376470
4016.455362376470
4017.455362376470
4018.455362376470
4019.455362376470
4020.455362376470
4021.455362376470
4022.455362376470
4023.455362376470
4024.455362376470
4025.455362376470
4026.455362376470
4027.455362376470
4028.455362376470
4029.455362376470
4030.455362376470
4031.455362376470
4032.455362376470
4033.455362376470
4034.455362376470
4035.455362376470
4036.455362376470
4037.455362376470
4038.455362376470
4039.455362376470
4040.455362376470
4041.455362876470
4042.455362876470
4043.455362876470
4044.455362876470
4045.455362876470
4046.455362876470
4047.455362876470
4048.455362876470
4049.455362876470
4050.455362876470
4051.455362876470
4052.455362876470
4053.455362876470
4054.455362876470
4055.455362876470
4056.455362876470
4057.455362876470
4058.455362876470
4059.455362876470
4060.455362876470
4061.455362876470
4062.455362876470
4063.455362876470
4064.455362876470
4065.455362876470
4066.455362876470
4067.455362876470
4068.455362876470
4069.455362876470
4070.455362876470
4071.455362876470
4072.455362876470
4073.455362876470
4074.455362876470
4075.455362876470
4076.455362876470
4077.455362876470
4078.455362876470
4079.455362876470
4080.455363076470
4081.455363476470
4082.455363476470
4083.455363476470
4084.455363476470
4085.455363476470
4086.455363476470
4087.455363476470
4088.455363476470
4089.455363476470
4090.455363476470
4091.455363476470
4092.455363476470
4093.455363476470
4094.455363476470
4095.455363476470
4096.455363476470
4097.455363476470
4098.455363476470
4099.455363476470
4100.455363476470
4101.455363476470
4102.455363476470
4103.455363476470
4104.455363476470
4105.455363476470
4106.455363476470
4107.455363476470
4108.455363476470
4109.455363476470
4110.455363476470
4111.455363476470
4112.455363476470
4113.455363476470
4114.455363476470
4115.455363476470
4116.455363476470
4117.455363476470
4118.455363476470
4119.455363476470
4120.455363476470
4121.455363476470
4122.455363476470
4123.455363476470
4124.455363476470
4125.455363476470
4126.455363476470
4127.455363476470
4128.455363476470
4129.455363476470
4130.455363476470
4131.455363476470
4132.455363476470
4133.455363476470
4134.455363476470
4135.455363476470
4136.455363476470
4137.455363476470
4138.455363476470
4139.455363476470
4140.455363476470
4141.455363476470
4142.455363476470
4143.455363476470
4144.455363476470
4145.455363476470
4146.455363476470
4147.455363476470
4148.455363476470
4149.455363476470
4150.455363476470
4151.455363476470
4152.455363476470
4153.455363476470
4154.455363476470
4155.455363476470
4156.455363476470
4157.455363476470
4158.455363476470
4159.455363476470
4160.455363476470
4161.455363476470
4162.455363476470
4163.455363476470
4164.455363476470
4165.455363476470
4166.455363476470
4167.455363476470
4168.455363476470
4169.455363476470
4170.455363476470
4171.455363476470
4172.455363476470
4173.455363476470
4174.455363476470
4175.455363476470
4176.455363476470
4177.455363476470
4178.455363476470
4179.455363476470
4180.455363476470
4181.455363476470
4182.455363476470
4183.455363476470
4184.455363476470
4185.455363476470
4186.455363476470
4187.455363476470
4188.455363476470
4189.455363476470
4190.455363476470
4191.455363476470
4192.455363476470
4193.455363476470
4194.455363476470
4195.455363476470
4196.455363476470
4197.455363476470
4198.455363476470
4199.455363476470
4200.455363476470
4201.455363476470
4202.455363476470
4203.455363476470
4204.455363476470
4205.455363476470
4206.455363476470
4207.455363476470
4208.455363476470
4209.455363476470
4210.455363476470
4211.455363476470
4212.455363476470
4213.455363476470
4214.455363476470
4215.455363476470
4216.455363476470
4217.455363476470
4218.455363476470
4219.455363476470
4220.455363476470
4221.455363476470
4222.455363476470
4223.455363476470
4224.455363476470
4225.455363476470
4226.455363476470
4227.455363476470
4228.455363476470
4229.455363476470
4230.455363476470
4231.455363476470
4232.455363476470
4233.455363476470
4234.455363476470
4235.455363476470
4236.455363476470
4237.455363476470
4238.455363476470
4239.455363476470
4240.455363476470
4241.455363476470
4242.455363476470
4243.455363476470
4244.455363476470
4245.455363476470
4246.455363476470
4247.455363476470
4248.455363476470
4249.455363476470
4250.455363476470
4251.455363476470
4252.455363476470
4253.455363476470
4254.455363476470
4255.455363476470
4256.455363476470
4257.455363476470
4258.455363576470
4259.455363576470
4260.455363576470
4261.455363576470
4262.455363576470
4263.455363576470
4264.455363576470
4265.455363576470
4266.455363576470
4267.455363576470
4268.455363576470
4269.455363576470
4270.455363576470
4271.455363576470
4272.455363576470
4273.455363576470
4274.455363576470
4275.455363576470
4276.455363576470
4277.455363576470
4278.455363576470
4279.455363576470
4280.455363576470
4281.455363576470
4282.455363576470
4283.455363576470
4284.455363576470
4285.455363576470
4286.455363576470
4287.455363576470
4288.455363576470
4289.455363576470
4290.455363576470
4291.455363576470
4292.455363576470
4293.455363576470
4294.455363576470
4295.455363576470
4296.455363576470
4297.455363576470
4298.455363576470
4299.455363576470
4300.455363576470
4301.455363576470
4302.455363576470
4303.455363576470
4304.455363576470
4305.455363576470
4306.455363576470
4307.455363576470
4308.455363576470
4309.455363576470
4310.455363576470
4311.455363576470
4312.455363576470
4313.455363576470
4314.455363576470
4315.455363576470
4316.455363576470
4317.455363576470
4318.455363576470
4319.455363576470
4320.455363576470
4321.455363576470
4322.455363576470
4323.455363576470
