1120,611482
2121,655160
3121,655160
4121,655160
5120,655160
6121,655160
7120,655160
8120,655160
9120,655160
10121,655160
11121,396116
12120,11106
13120,11093
14121,10237
15120,353118
16120,8766
17120,8626
18121,8493
19120,8453
20120,7800
21120,9826
22120,11031
23120,11140
24120,10686
25120,11426
26120,11387
27120,11153
28120,10520
29120,10633
30120,10773
31121,10943
32120,11393
33120,10040
34120,10393
35120,10337
36120,10793
37120,11246
38120,12453
39121,10543
40120,10680
41120,10826
42120,10960
43120,11093
44120,10793
45120,10520
46120,10673
47120,10118
48120,9780
49120,10053
50120,10060
51120,10100
52120,11293
53126,11460
54120,12246
55120,10437
56120,11873
57120,11286
58120,11400
59121,11331
60120,10860
61120,10640
62120,10853
63120,11300
64120,11180
65120,10913
66120,10513
67120,11206
68120,10513
69120,11206
70120,10600
71120,10993
72121,10826
73120,10833
74120,11653
75120,11037
76120,10753
77120,10686
78120,10020
79121,9581
80120,9633
81120,9626
82120,9973
83120,12606
84120,11766
85120,11760
86120,11046
87121,10568
88120,10900
89120,11466
90120,11073
91120,10850
92120,11273
93120,11360
94120,11266
95120,11568
96120,11126
97120,10393
98120,9966
99121,10731
100126,10840
101120,10806
102120,10820
103130,10775
104130,10293
105130,11386
106130,11086
107130,10781
108130,10480
109130,10026
110130,10133
111130,10137
112130,10126
113130,10700
114130,10493
115130,12537
116130,12620
117130,11280
118130,10026
119131,11306
120130,11020
121130,11086
122130,11420
123130,11406
124130,10560
125130,10920
126130,10560
127130,10625
128130,11280
129130,11526
130130,11420
131130,10900
132130,11173
133130,11420
134130,11406
135130,11018
136130,10793
137130,10253
138130,10006
139131,10981
140130,10566
141130,10446
142130,10140
143131,10143
144130,11020
145130,10946
146130,11953
147131,11912
148130,10580
149130,11506
150130,11186
151130,10893
152130,11440
153130,11440
154130,11433
155130,10862
156130,10540
157130,11400
158130,11000
159131,10487
160130,10946
161130,11346
162130,10833
163131,10743
164130,10840
165130,10620
166130,9600
167131,10943
168130,10506
169130,10120
170130,10086
171130,10031
172130,10173
173130,10200
174131,10173
175130,12162
176130,12606
177130,12106
178130,10720
179131,10768
180130,10673
181130,11040
182130,11300
183130,10412
184130,10540
185130,10833
186130,11246
187131,10856
188130,11106
189130,10573
190130,10166
191130,10843
192130,10860
193131,10326
194130,9620
195130,9531
196130,9566
197130,10020
198130,9613
199131,9862
200130,9600
201130,9793
202130,9673
203130,9693
204130,9620
205130,9613
206130,11113
207131,10900
208130,10806
209130,10273
210130,11206
211130,10943
212131,10666
213131,9780
214130,9633
215131,9606
216130,10400
217130,10260
218130,9573
219131,10087
220131,9833
221130,9606
222130,9573
223131,9775
224130,9540
225130,9606
226130,9680
227131,9631
228130,9593
229130,10106
230131,9840
231130,9675
232131,9586
233131,9660
234130,9620
235131,9631
236130,9566
237130,10993
238130,10833
239131,10968
240131,9973
241130,11040
242130,10733
243131,10831
244130,9633
245131,9693
246131,9650
247131,10366
248131,10153
249130,9620
250130,10113
251130,9912
252131,9660
253131,9613
254131,9656
255131,9666
256130,9600
257130,9653
258131,9581
259131,9580
260131,10020
261130,9926
262131,9612
263131,9566
264130,9546
265131,9646
266131,9700
267131,11060
268130,10826
269130,11186
270131,10906
271133,10620
272131,10020
273131,10593
274131,9643
275130,9593
276130,9566
277130,9593
278131,10325
279131,10213
280131,9566
281130,10006
282131,9762
283131,9666
284130,9726
285131,9646
286131,9643
287131,9606
288130,9606
289130,9600
290131,9718
291131,10086
292133,9840
293131,9613
294131,9606
295130,9593
296130,9613
297130,10680
298131,10856
299131,10853
300130,11013
301130,10766
302131,10800
303130,9646
304130,9526
305131,9546
306131,9618
307130,9740
308130,9586
309130,9586
310131,9587
311130,9693
312131,11273
313131,9540
314131,9593
315130,9580
316130,9546
317130,9673
318131,9625
319131,9520
320130,9600
321130,9606
322131,10131
323130,9526
324130,9566
325131,9580
326131,9587
327130,9620
328130,10973
329130,10873
330131,11250
331130,10906
332131,10900
333131,10173
334131,9718
335130,9700
336130,9686
337130,9320
338131,9256
339131,9206
340130,9246
341130,9253
342131,9481
343130,9233
344130,9240
345131,9206
346131,9212
347130,9200
348130,9160
349130,9186
350131,9175
351130,9140
352131,9300
353131,9306
354131,9212
355130,9106
356130,9146
357130,9293
358131,12400
359131,9373
360131,9160
361130,9180
362131,9337
363130,9573
364130,9173
365141,9146
366146,9218
367140,9160
368140,9226
369140,9193
370141,9193
371141,9060
372141,9160
373140,9246
374141,9231
375140,9120
376140,9106
377140,9106
378141,9137
379141,9106
380140,9120
381140,9120
382141,9187
383140,9133
384140,9340
385141,9420
386141,9100
387140,9153
388140,9400
389140,12413
390141,10231
391140,9553
392141,9553
393141,9480
394141,9750
395140,9686
396140,9493
397140,9640
398141,9787
399141,10880
400141,10940
401140,10960
402142,10775
403140,10580
404140,9486
405141,9653
406141,9531
407140,9160
408140,9140
409140,9160
410141,9112
411140,9253
412141,9126
413141,9146
414141,9162
415140,9460
416140,9186
417140,9160
418141,9162
419141,9113
420141,9166
421140,9140
422141,9143
423140,9186
424140,9160
425141,9540
426141,10525
427140,9720
428140,9866
429140,10960
430146,11037
431140,11033
432141,10873
433141,10553
434141,9575
435140,9640
436140,9726
437140,9733
438141,9662
439141,9633
440141,9640
441140,9620
442141,9568
443140,9600
444140,9726
445140,9740
446145,9568
447141,9820
448140,10173
449140,10093
450141,9593
451140,9653
452141,9606
453141,9633
454141,9637
455140,9660
456140,9660
457140,10393
458141,10268
459141,10506
460141,10940
461140,11133
462141,10918
463140,10920
464140,9646
465141,9660
466141,9650
467140,9666
468140,10120
469140,9673
470141,9662
471140,9653
472141,9640
473141,10273
474141,9675
475140,9693
476140,9720
477140,9666
478141,9756
479141,9953
480141,9673
481140,9653
482141,9700
483140,9680
484140,9680
485141,9686
486141,9725
487140,9660
488140,9813
489140,10680
490140,10787
491140,11213
492140,11853
493140,10306
494141,9662
495140,9640
496140,9633
497140,9713
498140,9912
499140,9926
500140,9640
501140,9660
502140,9637
503140,9646
504140,9660
505141,9673
506141,9618
507140,9633
508140,9613
509140,9826
510140,9962
511140,9673
512140,9620
513140,9626
514140,9668
515140,9666
516140,9620
517140,9613
518140,9775
519140,10886
520141,10773
521140,10540
522141,10912
523140,10913
524140,10513
525140,9620
526141,9662
527140,9666
528140,9626
529140,9760
530141,10737
531140,9760
532140,9620
533141,9646
534140,9712
535140,9646
536140,9646
537140,9686
538141,9837
539140,9673
540140,9873
541140,10126
542141,9700
543141,9626
544141,9600
545141,9626
546141,9731
547140,9646
548140,9673
549140,10933
550140,10862
551140,10826
552140,10766
553140,10973
554141,10618
555140,9653
556140,9686
557140,9660
558140,9762
559141,9726
560141,9800
561140,10053
562140,9650
563140,9786
564140,9693
565140,9686
566141,9656
567140,9666
568140,9740
569140,9733
570146,9681
571140,9886
572141,10106
573140,9693
574140,9656
575140,9693
576140,9720
577140,10006
578140,9787
579140,9740
580140,10780
581140,10806
582140,10918
583140,10720
584140,10793
585141,10820
586141,9943
587140,9606
588140,9653
589140,9660
590141,9706
591140,9660
592141,10226
593140,9706
594140,9712
595140,9633
596140,9613
597140,9646
598141,9662
599140,9720
600140,9686
601140,9646
602140,9968
603140,9946
604140,9526
605140,9526
606141,9650
607140,9613
608140,9593
609140,9620
610140,10956
611140,10526
612140,10780
613140,10666
614140,10975
615140,10006
616140,10160
617140,10446
618140,9968
619141,9673
620140,9640
621140,9693
622140,9662
623140,9880
624140,10160
625140,9840
626141,9743
627140,9673
628140,9653
629140,9713
630141,9656
631140,9693
632141,9680
633140,9953
634141,10412
635140,10800
636140,10253
637140,11246
638141,10862
639140,11480
640140,10160
641140,9713
642141,9662
643140,9826
644140,10100
645140,9580
646141,9631
647141,9653
648140,9633
649140,9666
650140,9581
651140,9606
652140,9700
653141,9626
654140,9962
655140,9946
656140,9686
657140,9673
658140,9562
659140,9720
660141,9666
661140,9606
662141,9631
663140,9733
664140,10753
665141,11173
666141,10712
667140,10840
668140,10993
669140,10366
670140,9700
671140,9673
672140,9773
673140,9680
674141,9981
675140,9920
676140,9733
677140,9625
678141,9640
679141,9653
680141,9613
681140,10053
682141,9568
683140,9606
684140,9606
685141,9933
686141,9612
687141,9626
688140,9606
689140,9540
690141,9593
691140,9620
692141,9913
693142,9768
694140,10233
695140,10833
696140,10640
697140,10913
698143,10787
699141,11046
700141,9873
701140,9686
702140,9612
703140,9600
704140,9866
705140,10613
706141,10806
707140,10673
708140,10500
709140,10840
710141,10956
711140,9620
712140,9573
713141,9606
714140,9593
715150,9573
716150,9600
717151,9956
718150,9973
719151,9586
720150,9633
721150,10325
722150,9560
723150,9593
724150,9733
725151,9625
726151,9746
727150,9593
728150,10046
729150,10000
730150,9666
731151,9640
732150,9733
733150,9656
734150,9660
735150,10200
736150,10860
737150,11056
738150,11233
739151,10653
740150,10800
741150,9912
742150,9633
743150,9660
744150,9733
745151,9643
746151,9980
747150,9840
748150,9700
749150,10037
750150,9933
751150,9880
752151,9913
753151,9668
754150,9773
755150,9686
756150,9693
757150,9668
758150,9693
759151,10000
760150,9866
761151,9731
762150,9713
763150,9626
764150,9713
765151,10218
766150,10873
767150,11066
768150,10913
769150,10675
770150,10753
771150,9926
772150,9666
773151,9612
774150,9653
775150,9646
776150,9686
777150,9675
778151,9646
779150,9680
780150,10066
781151,9925
782150,10280
783150,9653
784151,9700
785151,9650
786150,9633
787150,9620
788150,9912
789150,9586
790150,9586
791150,9946
792151,9837
793150,9613
794150,9740
795150,9600
796150,10050
797151,10840
798150,10926
799150,10806
800151,10887
801150,10280
802150,10093
803150,9826
804151,9656
805151,9793
806150,9633
807150,9546
808151,10481
809151,9553
810150,9606
811150,9620
812151,10087
813151,9726
814150,9593
815150,9566
816151,9587
817151,9673
818151,9620
819150,9586
820150,9581
821150,9666
822150,9560
823150,9993
824151,9856
825151,9606
826150,10246
827150,10820
828150,10818
829150,10760
830150,10913
831151,10140
832151,9575
833150,10113
834150,9793
835150,9533
836150,9593
837150,9600
838150,9560
839150,10113
840150,9637
841150,9506
842150,9580
843150,9600
844151,9943
845151,9846
846150,9660
847150,9600
848150,9912
849150,10226
850150,9753
851150,9593
852151,9656
853150,9593
854150,10053
855150,9853
856151,10256
857150,10793
858150,10953
859150,10580
860151,10531
861150,10640
862150,9606
863156,9660
864151,10006
865151,9986
866150,9693
867150,9700
868150,9543
869150,10113
870150,10893
871150,10920
872151,10331
873150,10900
874150,11060
875150,10833
876150,9743
877150,9613
878150,9773
879150,9953
880150,9862
881150,9713
882150,9673
883150,9700
884151,9631
885150,10120
886150,9820
887150,9566
888150,9718
889150,9693
890151,9626
891151,9613
892150,9581
893150,9666
894150,9706
895150,9726
896150,10131
897151,9906
898150,9853
899150,10226
900151,10843
901150,10940
902150,10846
903151,10720
904151,9881
905150,9640
906150,10146
907151,10131
908150,9740
909150,9653
910150,9726
911151,9656
912150,9640
913150,9780
914150,9713
915150,10000
916151,9653
917150,10120
918150,10000
919150,9818
920150,10180
921150,9686
922150,9673
923151,9643
924150,9673
925150,9640
926150,9606
927150,9618
928150,10126
929150,10506
930151,10926
931150,11087
932150,10893
933150,11073
934150,9953
935151,9650
936150,9753
937150,9680
938150,10106
939150,9687
940150,10493
941150,10933
942150,10966
943151,11018
944150,11000
945150,9706
946150,9733
947150,9681
948150,9660
949151,10040
950151,10293
951151,9637
952150,9620
953150,9646
954150,9646
955151,9618
956151,9600
957150,9253
958150,10073
959151,9612
960150,10126
961150,9753
962150,9640
963151,9643
964150,9613
965150,9686
966150,9633
967151,9625
968150,9620
969151,9700
970151,9640
971151,10368
972150,10900
973150,11066
974150,10600
975151,10875
976153,10793
977151,9693
978151,9726
979151,9743
980150,9666
981150,10000
982150,9613
983151,9668
984150,9760
985150,9693
986150,9693
987150,9693
988150,9873
989150,10160
990151,9720
991150,10300
992150,9886
993150,9793
994150,9750
995151,9800
996150,9746
997150,9746
998151,9750
999150,9700
1000150,9746
1001150,10233
1002151,10800
1003151,10433
1004150,11053
1005150,11086
1006150,10887
1007150,10906
1008151,9693
1009151,9720
1010150,9675
1011150,10026
1012150,9826
1013150,9780
1014151,9725
1015151,9720
1016150,9713
1017150,10206
1018151,9618
1019150,9713
1020150,9600
1021151,9606
1022151,10175
1023150,9713
1024150,9580
1025150,9626
1026150,9981
1027150,9686
1028150,9733
1029150,9766
1030150,9637
1031150,9673
1032152,10253
1033150,10973
1034151,10950
1035151,11120
1036151,10946
1037150,10960
1038150,9668
1039150,9686
1040150,9753
1041150,9713
1042151,9693
1043150,10173
1044150,9760
1045150,10133
1046150,9750
1047150,9713
1048150,11253
1049150,10800
1050151,10581
1051150,10873
1052150,10620
1053150,10286
1054151,10800
1055150,9800
1056150,9706
1057150,9766
1058150,9750
1059150,9793
1060150,9820
1061150,9793
1062151,9781
1063150,9713
1064150,10146
1065150,9900
1066150,9713
1067150,9706
1068150,9780
1069151,9731
1070150,9700
1071150,9713
1072150,9726
1073150,9737
1074151,10293
1075150,9793
1076150,9713
1077150,9687
1078150,10560
1079150,11000
1080150,11006
1081151,10950
1082150,10546
1083150,9726
1084150,10233
1085150,10175
1086150,9740
1087150,10160
1088150,9760
1089150,9712
1090150,9706
1091150,9660
1092150,10280
1093151,9718
1094150,9686
1095150,10153
1096150,9900
1097150,9712
1098150,10126
1099150,9646
1100150,9813
1101151,9668
1102150,9713
1103150,9653
1104150,9686
1105150,10218
1106150,9720
1107150,9833
1108150,9766
1109150,10518
1110150,10826
1111150,10780
1112150,10926
1113151,10975
1114150,9726
1115150,10260
1116150,9833
1117150,9756
1118150,9713
1119150,9700
1120150,9946
1121151,10237
1122150,10220
1123150,9766
1124150,10120
1125150,10468
1126150,10013
1127150,9786
1128150,9726
1129150,9793
1130150,9800
1131150,9780
1132150,9773
1133151,10012
1134150,9906
1135150,10240
1136150,9706
1137150,9793
1138150,9806
1139150,10793
1140151,11093
1141150,11046
1142150,11060
1143150,10913
1144150,9768
1145150,10200
1146150,9980
1147150,9786
1148150,9737
1149150,10266
1150150,10633
1151150,10980
1152151,11062
1153150,10946
1154150,10473
1155150,10926
1156150,9968
1157150,9746
1158150,9760
1159150,9820
1160151,9743
1161150,10180
1162150,9733
1163150,9713
1164150,9693
1165150,9786
1166150,10226
1167150,9733
1168150,9737
1169150,9780
1170150,9826
1171150,9726
1172151,9650
1173150,9726
1174150,9800
1175150,9720
1176150,10212
1177150,9740
1178150,9726
1179150,9813
1180150,9731
1181150,10633
1182150,11093
1183150,10940
1184150,11050
1185150,10346
1186150,10266
1187150,9700
1188150,9743
1189150,9733
1190150,9873
1191151,9712
1192151,9713
1193150,9726
1194150,9746
1195150,9706
1196150,9720
1197150,10340
1198150,9753
1199151,9737
1200150,10573
1201150,11080
1202150,11946
1203150,10162
1204150,9726
1205150,10140
1206150,9726
1207150,10306
1208150,9746
1209150,9773
1210150,9786
1211151,9781
1212150,10973
1213150,11040
1214153,11046
1215160,11106
1216160,9713
1217160,9753
1218160,10000
1219160,9760
1220160,9700
1221160,10400
1222160,10418
1223161,10066
1224160,9686
1225160,9746
1226160,9768
1227160,9680
1228160,10260
1229160,9720
1230161,10175
1231161,9666
1232160,9706
1233160,10120
1234161,10056
1235161,9646
1236161,9673
1237161,9786
1238161,9731
1239160,10140
1240160,9673
1241160,9673
1242161,9731
1243161,10866
1244161,11020
1245160,11033
1246161,11000
1247160,10666
1248160,9773
1249160,10173
1250161,9718
1251161,9700
1252160,9673
1253160,9626
1254161,9731
1255160,9666
1256161,9766
1257161,9660
1258163,10443
1259160,9653
1260160,10206
1261164,9760
1262161,9837
1263161,9660
1264161,9706
1265160,9640
1266161,9731
1267161,9686
1268160,9680
1269160,9646
1270161,10343
1271161,9620
1272160,9786
1273160,9693
1274161,10912
1275161,10993
1276161,11040
1277161,10866
1278161,10775
1279160,9720
1280160,9653
1281160,10200
1282161,9856
1283161,10280
1284161,9660
1285165,9693
1286161,9793
1287160,9673
1288160,9666
1289160,9640
1290161,9756
1291161,9720
1292160,10406
1293160,9893
1294161,10112
1295160,9626
1296161,9846
1297161,9633
1298161,9700
1299161,9673
1300160,9620
1301162,9580
1302161,10218
1303161,9700
1304166,10980
1305160,10926
1306161,10731
1307163,10906
1308161,10740
1309160,10360
1310161,9693
1311161,9806
1312160,9720
1313160,10300
1314161,9656
1315160,10680
1316161,10860
1317161,10913
1318161,11168
1319160,10986
1320170,10380
1321340,9788
1322380,9950
1323471,10062
1324470,9766
1325471,9700
1326471,9713
1327471,9918
1328470,9960
1329470,9753
1330470,9740
1331471,9781
1332471,10093
1333470,10013
1334470,9706
1335471,10450
1336470,9686
1337470,9780
1338470,9753
1339471,9700
1340470,9693
1341470,9693
1342470,9673
1343470,10000
1344470,10546
1345470,10960
1346471,11140
1347470,11093
1348470,10726
1349470,10746
1350470,9700
1351471,9662
1352470,9666
1353470,10073
1354470,9966
1355471,9668
1356470,9713
1357470,9680
1358471,9725
1359470,9740
1360470,9693
1361470,9686
1362471,9456
1363470,9273
1364471,9566
1365470,9280
1366470,9206
1367471,9240
1368470,9300
1369470,9973
1370470,9650
1371471,9773
1372471,9700
1373470,9653
1374471,9693
1375470,9980
1376470,10813
1377470,11000
1378471,10887
1379470,10920
1380470,10780
1381470,9720
1382470,9756
1383470,9666
1384471,9660
1385470,9846
1386470,10250
1387470,9813
1388470,9700
1389470,9700
1390471,9712
1391470,9740
1392470,9733
1393470,9820
1394470,9768
1395470,9693
1396470,9993
1397471,9920
1398471,9725
1399470,9713
1400470,10333
1401470,9693
1402470,9662
1403470,9720
1404471,9693
1405470,10180
1406470,10918
1407470,10460
1408470,11040
1409470,10913
1410471,10500
1411470,10913
1412470,9846
1413470,9606
1414471,9781
1415470,10266
1416470,10006
1417470,10280
1418471,9712
1419470,9706
1420470,9706
1421470,9720
1422471,10325
1423471,9693
1424470,9846
1425470,9700
1426471,9693
1427470,9973
1428470,9933
1429470,9680
1430471,9668
1431470,9720
1432470,9706
1433470,9700
1434471,9787
1435470,9660
1436470,10580
1437470,10780
1438470,10718
1439470,10893
1440470,10806
1441470,10033
1442471,9681
1443470,9740
1444471,9706
1445470,9693
1446470,9725
1447470,9613
1448470,9846
1449470,10320
1450471,10562
1451470,9966
1452470,9666
1453470,9726
1454470,9750
1455470,9653
1456470,9726
1457471,9680
1458471,9568
1459470,9560
1460470,9553
1461470,9920
1462470,9900
1463470,9613
1464471,9653
1465470,9613
1466470,9875
1467470,10740
1468470,10693
1469470,11040
1470471,10618
1471470,10980
1472470,10293
1473470,9720
1474471,9625
1475470,9760
1476470,9666
1477471,9546
1478471,9543
1479470,9740
1480470,9926
1481470,9787
1482470,9786
1483470,9640
1484471,9640
1485470,9668
1486470,9720
1487470,9700
1488470,10293
1489470,9800
1490471,10193
1491471,9673
1492470,9700
1493471,9675
1494470,9693
1495470,9713
1496470,10220
1497471,10875
1498471,11100
1499470,10866
1500470,11173
1501470,10681
1502471,9946
1503470,9653
1504471,9700
1505470,9762
1506470,9680
1507470,9700
1508470,9680
1509471,9706
1510471,9973
1511471,9806
1512470,9740
1513470,9631
1514470,9620
1515470,9606
1516470,9673
1517471,9606
1518471,9640
1519470,9720
1520470,9920
1521470,9768
1522470,9806
1523470,9726
1524470,9613
1525470,9706
1526471,9686
1527470,10266
1528470,10860
1529471,10843
1530471,10820
1531471,11086
1532470,10686
1533470,9843
1534470,9660
1535470,9600
1536470,9926
1537471,10125
1538471,9640
1539470,9693
1540470,9673
1541470,9937
1542470,9793
1543471,9626
1544470,9646
1545470,9700
1546471,9620
1547470,9653
1548470,9633
1549471,9693
1550471,9620
1551471,9880
1552470,9786
1553471,9625
1554470,9666
1555470,9726
1556470,9660
1557471,9650
1558471,10120
1559470,10820
1560470,10833
1561471,10793
1562470,11013
1563470,10493
1564470,9806
1565470,9625
1566471,9633
1567470,9680
1568470,9593
1569470,9625
1570471,9673
1571471,9633
1572470,9880
1573470,9762
1574470,9800
1575470,9680
1576470,9660
1577471,9700
1578471,9606
1579470,9613
1580470,9640
1581471,9643
1582471,9593
1583470,9993
1584470,9926
1585471,9618
1586470,9600
1587470,9606
1588470,10113
1589470,10850
1590471,10960
1591470,10813
1592470,10773
1593471,9887
1594471,9806
1595470,10086
1596470,9653
1597471,9600
1598471,9680
1599470,9640
1600470,9646
1601471,9612
1602470,9613
1603470,9846
1604470,9620
1605471,9731
1606471,9653
1607470,9633
1608470,9733
1609471,9606
1610471,9646
1611471,9686
1612470,9720
1613470,9843
1614470,9760
1615470,9880
1616470,9733
1617471,9656
1618471,10593
1619470,10706
1620470,10306
1621471,11268
1622471,10926
1623470,10986
1624471,10346
1625471,9812
1626470,9693
1627470,9740
1628470,9660
1629470,9693
1630471,9693
1631470,9953
1632470,9706
1633470,9656
1634471,9866
1635470,9660
1636470,9693
1637471,9700
1638471,9686
1639470,9700
1640470,9726
1641470,9675
1642470,9913
1643470,9733
1644471,9833
1645471,9662
1646470,9680
1647470,9740
1648470,9680
1649471,10050
1650471,10853
1651471,11200
1652471,10280
1653471,10668
1654470,10706
1655470,10680
1656470,10120
1657471,9681
1658471,9653
1659470,9706
1660470,9693
1661470,9681
1662471,9706
1663470,9660
1664470,9626
1665471,9862
1666471,9900
1667470,9680
1668470,9840
1669471,9687
1670470,9773
1671471,9660
1672471,9746
1673471,9675
1674470,9686
1675470,9893
1676470,9873
1677470,9650
1678471,9693
1679470,9966
1680470,11126
1681471,10912
1682471,10786
1683470,10506
1684471,10493
1685471,9575
1686470,9900
1687470,9740
1688470,9693
1689471,10093
1690471,10686
1691471,11000
1692471,10860
1693471,10400
1694470,9953
1695470,9660
1696470,10013
1697470,9693
1698471,9660
1699471,9666
1700470,10400
1701471,11006
1702471,10653
1703470,10980
1704470,10646
1705471,9793
1706471,10540
1707470,10353
1708470,10220
1709471,9375
1710471,9260
1711471,9380
1712470,9260
1713471,9275
1714470,9273
1715470,9246
1716470,9253
1717470,9793
1718471,9686
1719470,9686
1720470,9673
1721470,9260
1722470,9368
1723470,9246
1724470,9233
1725471,9566
1726471,9643
1727470,9300
1728470,9873
1729470,9693
1730470,9318
1731471,10933
1732471,10886
1733470,11693
1734470,9268
1735470,9266
1736470,9420
1737470,9273
1738471,9856
1739470,9706
1740470,10173
1741470,9700
1742470,9368
1743470,9380
1744470,9286
1745471,9280
1746471,9375
1747470,9726
1748470,9700
1749470,9940
1750471,9650
1751471,9260
1752470,9253
1753470,9353
1754471,9250
1755470,9253
1756470,9406
1757470,9253
1758471,9662
1759471,9900
1760470,9653
1761470,9713
1762471,10862
1763470,10893
1764470,10873
1765471,10993
1766471,9373
1767470,9353
1768470,9253
1769470,9900
1770470,9693
1771470,9746
1772470,9700
1773471,10460
1774471,10625
1775470,11220
1776470,11046
1777471,10525
1778471,9693
1779471,9653
1780470,9933
1781470,9262
1782471,9193
1783470,9726
1784470,10106
1785471,9825
1786471,9580
1787470,10246
1788470,10040
1789471,9731
1790471,9633
1791470,9866
1792470,9706
1793471,9587
1794471,9720
1795470,9706
1796470,9653
1797470,9643
1798471,9826
1799471,9580
1800470,9633
1801470,9843
1802470,9786
1803470,10240
1804470,10633
1805471,11143
1806471,10853
1807470,10426
1808473,10333
1809471,10975
1810470,9793
1811470,9866
1812471,9606
1813471,10312
1814470,9560
1815470,9560
1816470,9593
1817471,9656
1818471,9566
1819470,9893
1820470,9586
1821471,9562
1822471,10040
1823470,9780
1824470,9646
1825471,9743
1826471,9673
1827470,9706
1828470,9680
1829470,9906
1830471,9680
1831470,9600
1832470,9820
1833471,9612
1834471,10446
1835470,10713
1836470,10506
1837471,10693
1838471,10553
1839471,10700
1840470,9666
1841470,9637
1842471,9833
1843470,9686
1844470,10046
1845473,10843
1846471,10973
1847470,10673
1848470,10766
1849471,10706
1850470,9680
1851473,9666
1852470,9653
1853471,9825
1854470,9660
1855470,9886
1856470,9613
1857471,9581
1858470,9713
1859470,9526
1860470,9500
1861470,9525
1862470,9573
1863470,10020
1864470,9960
1865471,10075
1866471,9940
1867470,10233
1868470,9606
1869471,9600
1870470,9680
1871470,9620
1872470,9606
1873470,9587
1874470,10353
1875470,10913
1876470,10266
1877471,10800
1878471,10420
1879471,10933
1880470,10733
1881471,9706
1882470,9646
1883470,9633
1884470,9833
1885471,9662
1886471,9933
1887470,9626
1888470,10086
1889470,9675
1890470,9713
1891470,9613
1892470,9646
1893470,9812
1894470,9740
1895470,9626
1896470,9640
1897470,9650
1898470,9293
1899471,9260
1900470,9213
1901470,9637
1902470,9453
1903470,9246
1904470,9913
1905471,10875
1906470,11066
1907470,11540
1908470,9193
1909470,9543
1910470,9620
1911470,9720
1912471,9737
1913471,9780
1914470,9840
1915470,9653
1916471,9662
1917471,9506
1918471,10113
1919470,9780
1920470,9662
1921470,9640
1922470,9560
1923470,9860
1924471,9612
1925470,9733
1926470,9606
1927470,9566
1928470,9568
1929470,9680
1930470,9606
1931470,9600
1932470,9606
1933470,9626
1934470,10320
1935470,10773
1936471,10343
1937471,10866
1938471,10853
1939470,10560
1940471,11006
1941470,10246
1942470,9613
1943470,9753
1944471,9843
1945470,9926
1946470,9640
1947470,9633
1948470,9612
1949470,9840
1950470,9633
1951470,9666
1952470,9668
1953470,9746
1954470,10013
1955470,9666
1956471,10187
1957470,9666
1958470,9653
1959470,9666
1960470,9656
1961470,9693
1962470,9686
1963473,9693
1964471,9720
1965470,10053
1966470,10860
1967471,11106
1968471,10466
1969471,11013
1970471,10526
1971470,9681
1972470,9740
1973470,9693
1974470,9680
1975471,10393
1976470,9700
1977470,9873
1978470,9666
1979470,9681
1980470,9873
1981470,9646
1982470,9666
1983471,9681
1984470,9626
1985470,9786
1986470,9646
1987471,10093
1988470,9733
1989470,9766
1990470,10246
1991471,10987
1992470,11360
1993470,9273
1994470,9280
1995471,9262
1996470,9293
1997470,9246
1998470,9460
1999471,10206
2000470,9253
2001470,9980
2002471,9893
2003470,9226
2004470,9273
2005470,11953
2006471,10187
2007470,10146
2008470,9866
2009470,9686
2010471,9856
2011470,9620
2012470,9646
2013470,9633
2014471,9675
2015471,10693
2016470,10900
2017470,10873
2018471,10925
2019470,10506
2020471,10093
2021470,9660
2022471,9643
2023470,9766
2024470,10153
2025470,9653
2026476,9662
2027470,9673
2028471,9593
2029480,9800
2030480,9673
2031480,9893
2032480,9666
2033481,9468
2034480,9393
2035480,9233
2036480,9233
2037480,9281
2038480,9366
2039480,9460
2040480,9273
2041480,9256
2042480,9480
2043480,9293
2044480,9266
2045481,9281
2046481,11933
2047480,10453
2048480,9273
2049480,9612
2050480,9240
2051481,9266
2052481,9262
2053480,9473
2054480,9260
2055480,9260
2056480,9256
2057480,9466
2058480,9246
2059480,9266
2060480,9618
2061480,9266
2062480,9260
2063480,9253
2064481,9462
2065480,9233
2066480,9240
2067480,9253
2068480,9481
2069480,9240
2070480,9253
2071480,9633
2072480,9306
2073480,9226
2074480,9226
2075480,9453
2076480,9256
2077481,10646
2078481,10640
2079480,11700
2080481,9318
2081480,9853
2082480,9740
2083481,9331
2084481,9660
2085480,9780
2086480,9626
2087481,9731
2088481,9613
2089480,9666
2090481,9653
2091481,10318
2092480,10240
2093480,10006
2094480,9580
2095481,9662
2096481,9626
2097481,9673
2098480,9573
2099481,9700
2100480,9706
2101480,9606
2102480,10120
2103481,9725
2104481,9646
2105480,9640
2106480,9586
2107481,10756
2108480,10953
2109481,10813
2110481,10686
2111481,11143
2112480,10273
2113481,9526
2114480,9773
2115481,9656
2116481,10313
2117481,10426
2118480,9986
2119481,9831
2120480,9613
2121481,9686
2122487,9612
2123481,10106
2124480,9540
2125480,9646
2126481,9868
2127481,9666
2128481,9660
2129481,9760
2130481,9643
2131481,9726
2132480,9700
2133480,9640
2134481,10175
2135481,9700
2136481,9660
2137480,10593
2138481,10931
2139480,10346
2140480,10820
2141481,10933
2142481,9562
2143480,10260
2144480,10313
2145480,9620
2146481,9618
2147480,10226
2148481,10886
2149481,10966
2150481,10887
2151480,10353
2152480,10866
2153480,10373
2154481,9706
2155481,10133
2156480,9680
2157480,9793
2158481,9656
2159480,9580
2160480,9740
2161481,9687
2162481,9600
2163480,9613
2164480,10326
2165481,10112
2166481,9780
2167481,9633
2168481,9660
2169481,9706
2170481,9713
2171480,9720
2172480,9746
2173481,9718
2174481,9673
2175481,9980
2176480,9833
2177481,10050
2178480,10880
2179480,11086
2180481,10800
2181481,11125
2182486,10046
2183480,9633
2184480,9706
2185483,10443
2186481,9726
2187481,9700
2188480,9740
2189481,9712
2190480,9806
2191480,9686
2192480,9733
2193481,9725
2194481,9826
2195480,9713
2196480,9666
2197481,9643
2198480,9713
2199481,10513
2200481,10713
2201481,9687
2202480,10960
2203480,10006
2204480,9426
2205481,9462
2206481,9466
2207481,9600
2208481,11043
2209481,10686
2210480,10713
2211480,9840
2212481,10731
2213481,10933
2214480,10680
2215480,10766
2216481,9362
2217480,9446
2218480,9593
2219481,9406
2220481,9781
2221480,10386
2222480,9546
2223480,9466
2224481,9418
2225481,9360
2226481,9466
2227480,9466
2228481,9631
2229480,9480
2230480,9746
2231481,10453
2232481,9625
2233480,9466
2234480,9466
2235480,9500
2236481,9450
2237480,9420
2238481,9526
2239481,11131
2240481,10566
2241480,10880
2242480,10100
2243481,10368
2244481,11273
2245481,10606
2246480,10846
2247481,9768
2248492,9540
2249480,9573
2250480,9640
2251481,9881
2252481,10373
2253480,9673
2254480,9506
2255481,9525
2256480,9546
2257481,9406
2258481,9546
2259481,9593
2260480,9993
2261480,11500
2262480,10346
2263481,10962
2264481,11253
2265481,11386
2266480,11293
2267481,10825
2268480,10760
2269480,10380
2270480,9453
2271481,9675
2272480,9800
2273480,10300
2274480,9560
2275481,9493
2276480,9460
2277481,9473
2278480,9486
2279481,9387
2280480,9580
2281480,9660
2282480,9693
2283481,10518
2284480,9700
2285480,9473
2286480,9475
2287481,9493
2288480,9466
2289480,9513
2290481,9493
2291481,9613
2292480,11386
2293480,10206
2294481,10012
2295481,10640
2296481,10946
2297481,10813
2298481,10412
2299480,12553
2300480,10400
2301480,9560
2302480,9631
2303481,9933
2304481,10266
2305480,9480
2306481,9406
2307480,9540
2308480,9553
2309481,9500
2310481,9500
2311480,9606
2312480,9613
2313480,9900
2314481,10150
2315480,9420
2316481,9486
2317481,9500
2318481,9531
2319480,9686
2320480,9506
2321480,9653
2322481,11350
2323481,10673
2324480,10753
2325480,11833
2326481,10818
2327480,10826
2328480,10946
2329481,9653
2330481,9681
2331480,9753
2332480,9753
2333480,9566
2334481,10018
2335481,9886
2336480,9646
2337482,9631
2338481,9706
2339480,9626
2340480,9680
2341481,9631
2342481,9800
2343483,9780
2344480,9826
2345481,9743
2346481,9686
2347480,9720
2348481,9760
2349481,9787
2350480,9280
2351480,9980
2352480,10926
2353481,11500
2354480,10673
2355481,9246
2356481,9406
2357480,9737
2358480,9700
2359480,9713
2360480,9493
2361481,9381
2362481,9446
2363480,9760
2364480,9713
2365481,9775
2366480,9533
2367480,9280
2368480,9380
2369481,9368
2370480,9273
2371480,9373
2372480,9266
2373480,9543
2374481,9280
2375480,9400
2376480,9300
2377480,9368
2378480,9280
2379480,9393
2380480,9280
2381481,9987
2382481,12240
2383480,9440
2384480,9573
2385480,9306
2386480,9413
2387480,9393
2388481,9300
2389480,9266
2390480,9506
2391480,9260
2392481,9306
2393481,9473
2394480,9280
2395480,9466
2396480,9231
2397480,9480
2398480,9306
2399480,9280
2400481,9475
2401480,9313
2402480,9313
2403480,9300
2404481,9475
2405480,9293
2406480,9440
2407480,9286
2408480,9468
2409480,9293
2410480,9266
2411480,9966
2412481,12162
2413480,9386
2414481,9600
2415480,10100
2416480,9268
2417480,9480
2418480,9500
2419480,9313
2420481,9268
2421480,9306
2422480,9486
2423480,9286
2424480,9275
2425480,9300
2426481,9480
2427481,9280
2428481,9468
2429480,9493
2430480,9313
2431480,9306
2432481,9450
2433481,9293
2434480,9293
2435480,9286
2436480,9462
2437480,9260
2438480,9260
2439481,9587
2440481,9273
2441480,9280
2442480,10280
2443481,10787
2444480,11806
2445481,9720
2446480,9473
2447481,9262
2448480,9286
2449480,9660
2450480,9440
2451481,9700
2452481,9706
2453480,9593
2454480,9266
2455480,9243
2456480,9506
2457480,9740
2458481,9693
2459481,9981
2460480,9793
2461480,9493
2462480,9700
2463481,10118
2464480,10933
2465481,11806
2466480,9493
2467481,9318
2468480,9340
2469480,9286
2470480,9540
2471481,9375
2472481,9246
2473480,10146
2474480,11233
2475481,9356
2476480,9273
2477480,9353
2478481,9253
2479481,9406
2480480,9293
2481480,9566
2482480,9266
2483481,10393
2484481,10966
2485481,9406
2486480,9300
2487481,9400
2488480,9280
2489480,9353
2490480,9362
2491481,9460
2492480,9373
2493480,9293
2494481,10425
2495481,10900
2496480,9326
2497481,9306
2498481,9431
2499480,9300
2500480,9300
2501480,9320
2502481,9568
2503480,9393
2504481,9293
2505481,10313
2506481,11012
2507482,9300
2508480,9286
2509480,9493
2510481,9706
2511481,9720
2512480,9726
2513480,9706
2514481,9300
2515480,9313
2516480,9613
2517481,10933
2518481,11487
2519480,9953
2520480,9280
2521480,9413
2522481,9293
2523481,9586
2524480,9293
2525480,10140
2526480,9481
2527480,10546
2528480,11946
2529480,9340
2530481,9318
2531481,9426
2532480,9540
2533481,9550
2534481,9660
2535480,9846
2536481,9340
2537481,9293
2538480,9466
2539480,9306
2540480,9306
2541481,9375
2542480,9320
2543481,9306
2544480,9286
2545480,9643
2546480,12066
2547480,9326
2548480,9300
2549481,9387
2550481,9306
2551480,9313
2552480,9426
2553481,9300
2554480,9320
2555480,9273
2556481,9606
2557481,11937
2558480,9273
2559480,9306
2560480,9406
2561480,9287
2562481,9753
2563481,9420
2564480,9280
2565481,9275
2566480,9680
2567480,9313
2568481,10837
2569481,10380
2570480,9393
2571480,9313
2572481,9293
2573480,9393
2574481,9286
2575481,9326
2576481,9325
2577480,9726
2578480,10866
2579480,10500
2580481,9325
2581486,9793
2582481,9560
2583480,9293
2584480,9281
2585480,9413
2586480,9286
2587481,9620
2588481,9775
2589480,10173
2590480,10753
2591480,10753
2592481,10912
2593480,10353
2594481,9553
2595481,9840
2596481,9518
2597480,9333
2598480,9753
2599480,9375
2600481,9393
2601481,10800
2602480,11693
2603480,9612
2604481,9373
2605480,9453
2606481,9306
2607481,9300
2608481,9706
2609480,9926
2610480,9760
2611481,9712
2612480,12013
2613481,9320
2614481,9340
2615481,9412
2616480,9333
2617480,9340
2618480,9366
2619481,9375
2620481,9320
2621480,9380
2622480,10986
2623481,10312
2624480,9366
2625480,9346
2626481,9460
2627481,9343
2628480,9313
2629480,9613
2630480,9733
2631480,9281
2632481,9320
2633481,9373
2634481,11106
2635481,10046
2636480,9773
2637480,9286
2638481,9356
2639481,9553
2640480,9386
2641480,9726
2642481,9393
2643480,9273
2644480,10893
2645481,11540
2646481,9337
2647480,9320
2648480,9373
2649480,9786
2650481,9793
2651481,9726
2652480,9746
2653480,9300
2654480,9275
2655483,11066
2656480,10413
2657480,9313
2658481,9337
2659480,9613
2660480,9613
2661480,9306
2662480,9287
2663480,9813
2664481,9493
2665481,9325
2666480,9293
2667480,9420
2668480,9600
2669480,9693
2670481,9886
2671481,9866
2672480,9753
2673481,9706
2674480,9500
2675480,9666
2676480,9713
2677481,11575
2678480,10080
2679480,9806
2680480,9933
2681480,9693
2682480,9753
2683481,9826
2684481,9913
2685481,9850
2686480,9740
2687480,9773
2688480,9733
2689481,9725
2690481,9893
2691480,10213
2692480,10960
2693480,10900
2694480,10626
2695480,10826
2696481,10633
2697481,9706
2698480,9820
2699480,9713
2700481,9893
2701481,9753
2702481,9726
2703481,9720
2704481,10218
2705480,10986
2706480,11066
2707480,10960
2708481,10912
2709481,9726
2710480,9706
2711480,9873
2712481,9837
2713480,9726
2714480,10200
2715481,10993
2716481,11693
2717480,11086
2718480,9773
2719480,9786
2720481,9893
2721481,9946
2722481,9813
2723480,9780
2724481,10468
2725480,10880
2726480,12006
2727491,9306
2728491,9420
2729490,9300
2730490,9313
2731491,9325
2732490,9733
2733491,9340
2734491,10146
2735491,10956
2736490,11953
2737490,10526
2738490,9813
2739491,9600
2740491,9740
2741491,9280
2742490,9720
2743491,9493
2744490,9313
2745490,11313
2746491,10133
2747491,9425
2748490,9320
2749490,9420
2750491,9312
2751491,9340
2752491,9600
2753491,9326
2754491,9312
2755491,9326
2756490,11520
2757490,9966
2758491,9675
2759491,9720
2760491,9753
2761490,9766
2762491,9437
2763490,9520
2764490,9326
2765491,9433
2766491,11650
2767490,9553
2768490,9593
2769490,9326
2770490,9293
2771490,9426
2772490,9320
2773491,9333
2774491,9575
2775490,9326
2776490,11726
2777490,9713
2778491,9575
2779490,9346
2780493,9326
2781490,9326
2782490,9412
2783492,9340
2784490,9340
2785491,9580
2786491,9306
2787490,11793
2788490,9606
2789490,9537
2790491,9320
2791491,9326
2792491,9313
2793491,9381
2794490,9693
2795490,9726
2796490,9900
2797491,10543
2798491,11013
2799490,10946
2800490,9320
2801491,9431
2802490,9340
2803490,9313
2804491,9326
2805491,9418
2806490,10086
2807490,9320
2808490,9446
2809491,9318
2810491,9480
2811490,9406
2812490,9266
2813491,10268
2814490,10833
2815490,11606
2816490,9466
2817491,9256
2818491,9386
2819490,9306
2820490,9753
2821491,9781
2822490,9340
2823491,9306
2824491,10713
2825491,10781
2826490,9446
2827490,9286
2828491,9387
2829490,9286
2830490,9293
2831490,9286
2832490,9375
2833490,9260
2834490,9300
2835490,9826
2836491,10931
2837491,11686
2838490,9280
2839490,9853
2840491,10050
2841493,9726
2842491,9746
2843490,9726
2844491,9768
2845490,9693
2846490,10020
2847490,9733
2848491,9712
2849490,9720
2850491,9273
2851490,11873
2852491,9537
2853490,9420
2854490,9320
2855491,9420
2856491,9668
2857490,9320
2858490,9446
2859491,9337
2860490,9340
2861491,11586
2862491,10906
2863491,9712
2864491,9706
2865490,9733
2866490,9733
2867490,9525
2868491,9486
2869490,9746
2870490,9820
2871491,9281
2872490,10420
2873490,10580
2874491,11233
2875491,9325
2876490,9320
2877490,9753
2878490,9320
2879491,9262
2880490,9746
2881491,9833
2882491,11993
2883491,9337
2884490,9426
2885490,9286
2886490,9706
2887491,10050
2888491,9740
2889490,9746
2890490,9760
2891491,9712
2892490,9326
2893490,12093
2894491,9320
2895491,9393
2896490,9320
2897490,9473
2898491,9943
2899491,9326
2900491,9300
2901491,9280
2902491,9725
2903490,9526
2904490,9773
2905490,9740
2906491,9300
2907491,9633
2908490,9446
2909490,9306
2910491,9306
2911490,11986
2912490,9480
2913491,9446
2914496,9306
2915490,9406
2916490,9326
2917490,9326
2918491,9562
2919491,9320
2920491,9320
2921490,9306
2922491,11937
2923490,9480
2924490,9306
2925491,9393
2926491,9200
2927490,9213
2928490,9153
2929491,9993
2930491,9160
2931490,10120
2932491,9660
2933491,9500
2934490,9246
2935490,9233
2936490,9386
2937491,9275
2938491,10573
2939491,10666
2940490,11233
2941491,9356
2942492,9326
2943490,9840
2944491,9820
2945491,9312
2946490,9340
2947490,9346
2948490,10146
2949491,10956
2950490,10866
2951491,10666
2952491,10660
2953491,10575
2954490,9320
2955490,9400
2956490,9320
2957491,9262
2958491,10000
2959490,9326
2960491,10350
2961491,9860
2962490,9320
2963490,9293
2964491,9281
2965491,10486
2966490,10580
2967490,11173
2968491,10537
2969490,9886
2970491,9953
2971491,9740
2972491,9725
2973490,9673
2974490,9280
2975490,9880
2976491,11950
2977491,9320
2978490,9260
2979490,9213
2980491,9162
2981490,9186
2982490,9880
2983491,10173
2984491,9931
2985490,9593
2986490,11780
2987490,9853
2988491,9425
2989491,9526
2990491,9320
2991491,9656
2992491,9906
2993490,9726
2994490,9906
2995496,9575
2996491,9266
2997490,12126
2998490,9313
2999491,9381
3000490,9293
3001490,9540
3002491,9266
3003491,9481
3004490,9833
3005490,9260
3006490,9426
3007491,12037
3008491,9280
3009491,9293
3010490,9393
3011491,10481
3012490,9580
3013491,9400
3014493,9356
3015491,9320
3016490,9533
3017490,9266
3018491,11906
3019491,9286
3020490,9813
3021491,9920
3022491,9750
3023490,10006
3024490,9320
3025490,9240
3026491,9993
3027491,9933
3028491,10766
3029490,11393
3030491,9868
3031490,9300
3032490,9446
3033491,9400
3034491,9362
3035490,9280
3036490,9846
3037490,9680
3038491,9337
3039490,12206
3040491,9706
3041490,9273
3042491,9493
3043490,9306
3044490,9353
3045491,9331
3046491,9293
3047491,9793
3048490,9606
3049491,10762
3050490,11200
3051490,11986
3052491,10020
3053491,9775
3054490,9693
3055490,9733
3056490,9693
3057491,9443
3058491,9313
3059491,10566
3060492,10700
3061491,11618
3062490,9946
3063490,9813
3064490,9333
3065491,9793
3066490,9726
3067490,9713
3068491,9556
3069491,10860
3070490,10626
3071491,11920
3072491,10287
3073490,10793
3074490,9733
3075490,9593
3076491,9343
3077491,9513
3078491,9300
3079490,9480
3080491,11543
3081490,9720
3082490,9313
3083490,10180
3084491,9656
3085491,9313
3086493,9240
3087490,9386
3088491,9281
3089490,9333
3090491,12140
3091491,9426
3092491,9356
3093490,9520
3094490,9353
3095491,9793
3096491,9813
3097491,9326
3098490,9320
3099491,9412
3100490,10840
3101490,11280
3102490,12000
3103491,9956
3104491,9480
3105490,9433
3106490,9406
3107491,9356
3108490,9353
3109491,9473
3110491,12033
3111491,9343
3112490,9346
3113490,9446
3114490,9560
3115491,9425
3116491,9440
3117490,9353
3118490,9340
3119491,9281
3120490,9560
3121490,11906
3122491,9280
3123491,9312
3124493,9406
3125490,9646
3126490,9293
3127491,9356
3128491,9386
3129491,9760
3130491,9743
3131491,9900
3132490,10833
3133490,11526
3134491,9493
3135491,9626
3136490,9406
3137490,9746
3138491,9750
3139490,9793
3140490,9773
3141491,9306
3142491,9850
3143490,11200
3144490,10893
3145490,10893
3146491,9881
3147491,10026
3148491,9706
3149490,9773
3150491,9768
3151490,10180
3152490,9946
3153491,9633
3154491,9706
3155490,9686
3156490,9920
3157491,9718
3158491,9720
3159490,9693
3160491,9733
3161491,9818
3162490,10753
3163490,10846
3164490,10920
3165491,10800
3166491,10806
3167491,9740
3168490,9733
3169491,9800
3170490,9766
3171490,9853
3172491,9946
3173491,11006
3174490,11093
3175490,10806
3176490,10800
3177491,9443
3178490,9346
3179491,9446
3180491,9320
3181491,9406
3182490,9406
3183490,12080
3184491,9406
3185491,9293
3186491,9400
3187490,10353
3188491,9787
3189490,9680
3190490,9826
3191491,9740
3192491,9731
3193493,9773
3194490,11486
3195490,10980
3196491,10862
3197490,10120
3198491,9340
3199490,9346
3200491,9468
3201490,9753
3202490,9306
3203490,9280
3204491,9331
3205491,9493
3206490,9946
3207490,9713
3208491,9300
3209490,9246
3210491,9306
3211491,9306
3212491,9266
3213490,9300
3214490,9293
3215491,9475
3216490,9806
3217491,9860
3218490,9300
3219491,9425
3220490,9346
3221490,9313
3222490,9340
3223491,9581
3224491,12220
3225490,9433
3226490,9400
3227491,9462
3228490,9980
3229496,9733
3230491,9720
3231491,9487
3232490,9320
3233490,9286
3234491,9293
3235496,9300
3236491,9473
3237490,10080
3238491,9737
3239490,9693
3240490,9720
3241490,9773
3242491,9681
3243491,9726
3244490,9720
3245490,9686
3246491,9718
3247490,10080
3248491,9713
3249491,9740
3250491,9706
3251490,9726
3252490,9753
3253490,9733
3254491,10293
3255491,11633
3256490,10886
3257491,9550
3258491,9940
3259490,9746
3260491,9686
3261491,9743
3262490,9733
3263490,9713
3264490,10013
3265491,10731
3266490,10726
3267491,10906
3268490,10386
3269491,10612
3270490,10226
3271490,9993
3272490,9260
3273491,9300
3274491,9520
3275490,10086
3276490,9713
3277491,9693
3278490,9953
3279491,9906
3280491,9706
3281491,9643
3282490,9753
3283490,9653
3284491,9687
3285491,9726
3286491,9766
3287491,9473
3288491,9618
3289491,10000
3290490,9666
3291490,9700
3292491,9693
3293491,10113
3294490,10926
3295490,10900
3296491,11281
3297490,10553
3298491,9813
3299491,10020
3300491,9712
3301490,9746
3302490,9746
3303490,10473
3304491,11162
3305491,9913
3306491,9706
3307490,9906
3308491,10400
3309490,10340
3310490,9526
3311491,9700
3312491,9946
3313490,9733
3314490,9613
3315491,9662
3316491,9673
3317491,9646
3318491,9706
3319491,9812
3320490,9673
3321490,9726
3322490,9693
3323491,9931
3324491,9840
3325491,9666
3326490,9720
3327491,9662
3328490,9666
3329490,9833
3330491,9706
3331491,9668
3332490,9673
3333490,9686
3334490,10233
3335491,10781
3336490,10973
3337491,10746
3338491,10966
3339491,11018
3340490,10266
3341490,9660
3342491,9650
3343491,9693
3344491,9873
3345490,10866
3346491,10350
3347490,10633
3348490,10160
3349491,10820
3350491,10693
3351490,10800
3352490,9673
3353490,9713
3354491,9918
3355491,9866
3356491,9626
3357490,9646
3358491,9662
3359490,9633
3360490,9666
3361490,9880
3362491,9650
3363491,9666
3364490,9900
3365490,9840
3366491,9662
3367490,9680
3368491,9733
3369491,9662
3370491,9700
3371490,9666
3372490,9793
3373491,9868
3374491,9660
3375491,9806
3376490,10286
3377491,10862
3378490,11006
3379490,10786
3380490,10466
3381491,10800
3382490,9840
3383490,9686
3384490,9646
3385491,9912
3386490,9793
3387491,9693
3388491,9780
3389491,9693
3390490,9726
3391490,10020
3392491,10406
3393491,9700
3394491,9693
3395490,9820
3396491,9737
3397490,9633
3398490,9633
3399491,9713
3400491,9687
3401490,9660
3402490,9800
3403490,9780
3404491,9656
3405490,10026
3406491,10926
3407491,10953
3408491,10612
3409490,10893
3410490,10440
3411490,10880
3412491,9825
3413491,9933
3414490,9920
3415490,9626
3416491,9937
3417490,9700
3418491,9666
3419491,9656
3420491,9693
3421490,9686
3422490,9633
3423491,9881
3424490,9766
3425491,9633
3426490,10040
3427491,9743
3428490,9600
3429490,9606
3430490,9660
3431491,9581
3432491,9620
3433490,9566
3434490,9786
3435491,9675
3436490,10180
3437491,10513
3438491,10906
3439491,10933
3440490,10773
3441490,10773
3442491,9606
3443491,9620
3444491,9873
3445490,9646
3446491,10206
3447490,10526
3448490,10786
3449490,10726
3450491,10656
3451490,10786
3452490,10760
3453490,9780
3454491,9843
3455490,9686
3456491,9673
3457491,10020
3458491,9781
3459490,9633
3460490,9646
3461490,9713
3462491,9650
3463491,9606
3464490,9593
3465491,9768
3466491,9606
3467490,9626
3468491,9993
3469491,9756
3470490,9653
3471490,9626
3472490,9700
3473491,9662
3474490,9653
3475491,9986
3476490,11040
3477491,10500
3478490,10560
3479490,10513
3480490,11200
3481491,10800
3482491,10620
3483490,9586
3484490,9600
3485491,9975
3486490,9713
3487491,9726
3488491,9656
3489491,10120
3490490,9753
3491490,9620
3492491,9662
3493490,9913
3494491,11140
3495490,10726
3496491,11281
3497490,10933
3498490,11086
3499490,9800
3500491,10012
3501491,9720
3502490,9640
3503490,9746
3504491,9675
3505490,9640
3506491,9773
3507491,9693
3508491,9631
3509490,9606
3510490,9640
3511490,10113
3512491,9668
3513491,9633
3514490,9733
3515491,9600
3516491,9646
3517490,9820
3518490,9586
3519491,9600
3520491,9620
3521490,9606
3522490,10180
3523491,9637
3524490,10626
3525491,10840
3526491,11073
3527491,10868
3528490,10420
3529490,10733
3530490,9806
3531491,9643
3532491,10140
3533490,9553
3534490,9600
3535491,9662
3536490,9640
3537490,9613
3538491,9780
3539491,9781
3540490,9620
3541490,10020
3542491,9625
3543491,10026
3544491,9700
3545491,9700
3546491,9643
3547490,9600
3548490,9953
3549490,9706
3550491,9662
3551491,9693
3552490,9673
3553490,9960
3554491,10443
3555490,10880
3556490,10666
3557491,11213
3558491,10868
3559490,10266
3560490,10633
3561490,10233
3562491,9662
3563491,9593
3564491,10126
3565490,11013
3566491,10887
3567490,11086
3568490,10780
3569490,9786
3570491,9587
3571491,9566
3572491,9626
3573490,10006
3574491,10625
3575490,9766
3576491,9600
3577491,9575
3578491,9633
3579490,9580
3580490,9573
3581491,9606
3582491,9606
3583491,9606
3584490,10060
3585491,9587
3586490,9193
3587490,9220
3588490,9200
3589491,9162
3590491,9853
3591490,9566
3592490,9693
3593491,9606
3594490,9600
3595491,10193
3596491,10646
3597491,10856
3598490,10826
3599492,10466
3600490,10906
3601491,10637
3602491,9780
3603491,10020
3604490,9840
3605491,10050
3606490,9633
3607490,9613
3608491,9633
3609491,9718
3610490,9666
3611490,9946
3612490,9633
3613491,9600
3614490,9880
3615491,9946
3616491,9881
3617491,9853
3618490,9673
3619490,9660
3620491,9631
3621491,9600
3622491,9820
3623490,9713
3624491,9612
3625491,10720
3626490,10920
3627490,10220
3628491,10743
3629491,11253
3630490,10893
3631490,10673
3632491,9843
3633493,9680
3634491,9666
3635491,9693
3636491,10043
3637490,9653
3638490,9593
3639490,9826
3640491,9675
3641491,9633
3642491,9660
3643490,9860
3644491,9675
3645490,9800
3646490,10113
3647491,9700
3648491,9637
3649490,9660
3650490,9660
3651490,9673
3652491,9662
3653492,9840
3654491,9680
3655491,9653
3656491,10125
3657490,10220
3658490,10886
3659490,10973
3660491,10912
3661491,10786
3662490,9646
3663490,9653
3664491,9862
3665490,9686
3666490,9686
3667491,10062
3668491,9733
3669490,9646
3670490,9713
3671491,9718
3672491,9620
3673493,10180
3674491,10340
3675491,9775
3676490,9653
3677490,9653
3678490,10020
3679491,9650
3680491,9680
3681491,9680
3682490,10006
3683491,9687
3684490,9686
3685490,9626
3686491,10526
3687491,10725
3688490,10466
3689490,10813
3690490,10893
3691491,11012
3692491,9820
3693491,9693
3694490,9873
3695491,9575
3696490,9620
3697490,9726
3698490,9593
3699491,9943
3700491,10660
3701490,10913
3702491,10968
3703491,10840
3704490,10993
3705491,9620
3706491,9593
3707491,9953
3708490,9693
3709490,9626
3710491,9931
3711491,9606
3712491,9580
3713490,9613
3714491,9606
3715490,9780
3716490,9646
3717496,9633
3718491,9781
3719491,9653
3720490,10020
3721490,9600
3722491,9943
3723490,9686
3724491,10133
3725491,9826
3726491,9618
3727490,9600
3728490,9600
3729490,9760
3730491,10118
3731491,10726
3732491,10113
3733490,10726
3734491,10818
3735490,10693
3736490,10953
3737491,10986
3738491,9968
3739490,9900
3740490,9640
3741491,10037
3742491,9926
3743490,9713
3744491,9613
3745491,9606
3746491,10113
3747490,11026
3748490,10946
3749491,11200
3750491,10880
3751491,10613
3752490,10566
3753491,9593
3754490,9646
3755490,9640
3756491,9920
3757491,9612
3758490,9660
3759490,9620
3760490,9666
3761491,9631
3762490,9986
3763491,9633
3764491,9613
3765491,9625
3766490,9620
3767490,9866
3768490,9580
3769491,9687
3770491,9646
3771490,9633
3772490,9986
3773491,9750
3774490,9606
3775490,9693
3776491,10973
3777491,10881
3778490,11293
3779490,10846
3780490,11006
3781491,9656
3782491,9573
3783491,9913
3784491,9631
3785491,9533
3786490,9640
3787490,9506
3788491,10125
3789491,9466
3790491,9493
3791490,9526
3792491,9625
3793490,9540
3794490,9926
3795491,9620
3796491,9806
3797490,9513
3798490,10593
3799490,10380
3800491,10893
3801491,11280
3802491,10873
3803490,10753
3804491,10506
3805490,9646
3806490,9606
3807490,9606
3808491,9687
3809491,9580
3810491,9866
3811490,9566
3812491,9525
3813490,10060
3814491,9560
3815491,10026
3816491,9618
3817490,9600
3818490,9640
3819491,9718
3820491,9806
3821491,9626
3822491,9593
3823491,9700
3824491,9680
3825490,9613
3826490,9906
3827491,9662
3828491,9620
3829490,10693
3830490,10806
3831491,10937
3832490,10680
3833490,11033
3834491,9766
3835491,10125
3836490,9886
3837490,9613
3838490,9633
3839491,10056
3840491,9680
3841491,9880
3842490,9580
3843491,9656
3844490,9720
3845490,9606
3846490,10006
3847491,9606
3848491,9613
3849490,9600
3850490,9566
3851491,9237
3852490,9180
3853491,9193
3854491,9146
3855491,9106
3856490,9213
3857490,9166
3858491,9131
3859491,9206
3860491,9140
3861490,9180
3862491,9206
3863492,9113
3864490,9146
3865490,9193
3866495,9137
3867491,9080
3868490,8580
3869491,10946
3870491,10150
3871490,9500
3872491,9866
3873491,11113
3874491,10462
3875490,10860
3876490,11380
3877490,10460
3878491,10800
3879491,11233
3880491,10820
3881490,10273
3882491,10750
3883490,9493
3884490,11126
3885491,11053
3886491,10575
3887490,10780
3888492,9573
3889490,9433
3890491,10137
3891491,10060
3892491,9600
3893491,9562
3894491,9693
3895490,9420
3896490,9600
3897491,9550
3898491,9340
3899491,9733
3900491,10066
3901491,9918
3902490,9586
3903490,9700
3904491,9606
3905491,9600
3906490,9586
3907490,9453
3908490,9526
3909491,9818
3910490,11306
3911491,10266
3912490,10726
3913491,10181
3914490,10420
3915490,11500
3916490,10526
3917491,10831
3918491,9906
3919490,9453
3920490,9726
3921491,10493
3922490,9480
3923491,9593
3924491,9860
3925491,9500
3926492,9580
3927490,9573
3928491,9593
3929491,9586
3930491,10533
3931491,12053
3932491,9600
3933490,10506
3934490,10320
3935490,10646
3936491,10956
3937491,11420
3938490,10680
3939490,10960
3940491,9887
3941490,9813
3942490,10333
3943491,9546
3944491,9575
3945490,9833
3946490,9580
3947490,9546
3948491,9575
3949491,9540
3950491,9546
3951490,9553
3952491,9850
3953490,10406
3954491,9586
3955491,9620
3956491,9837
3957490,9233
3958490,9406
3959490,9526
3960491,9512
3961490,9926
3962491,11113
3963491,10493
3964491,10773
