1120,4368
2120,0
3120,0
4120,0
5120,0
6120,0
7120,0
8120,0
9120,0
10120,0
11120,0
12120,0
13120,0
14120,0
15120,2718
16120,3016
17120,10807
18120,13874
19120,14062
20120,14586
21120,10952
22120,13374
23120,13677
24120,13768
25120,13431
26120,11027
27120,14415
28120,13609
29120,13612
30120,12571
31121,11789
32120,13596
33120,14226
34120,13764
35120,11536
36120,12634
37120,13601
38120,13717
39120,14208
40120,10992
41120,13542
42120,13621
43120,13611
44120,13301
45120,11100
46120,14208
47120,13777
48120,13597
49120,12263
50120,11883
51120,13713
52120,14101
53120,13989
54120,11330
55120,12839
56120,13615
57120,13577
58120,14096
59121,11221
60120,13719
61120,13712
62120,13621
63120,13223
64120,11000
65120,14263
66120,13748
67120,13695
68120,12436
69120,11795
70120,13764
71120,14458
72120,13621
73120,11712
74120,12576
75120,13717
76120,13656
77120,14371
78120,11034
79120,13477
80120,13635
81120,13763
82120,13611
83120,10974
84120,14223
85120,13697
86120,13651
87120,12521
88120,11671
89120,13628
90120,14397
91120,13634
92120,11671
93120,12711
94120,13600
95120,13600
96120,14143
97120,10949
98120,13521
99121,14054
100120,13890
101120,13499
102120,10901
103130,14253
104130,13593
105130,13639
106130,12346
107130,11834
108130,13571
109130,14417
110130,13667
111130,11634
112130,12618
113130,13587
114130,13585
115130,14040
116130,10910
117130,13564
118130,13531
119131,13877
120130,13311
121130,11000
122130,14421
123130,13669
124130,13581
125130,12407
126130,11850
127130,13575
128130,14187
129130,13764
130130,11488
131130,12635
132130,13657
133130,13789
134130,14327
135130,11017
136130,13537
137130,13686
138130,13597
139130,13251
140130,11414
141130,14835
142130,13604
143130,13584
144130,12505
145130,11784
146130,13861
147131,14282
148130,13751
149130,11524
150130,12640
151130,13592
152130,13638
153130,13917
154130,10954
155130,13621
156130,13640
157130,13697
158130,13495
159131,10922
160130,14592
161130,13683
162130,13591
163130,12500
164130,11640
165130,13762
166130,14267
167130,13835
168130,11626
169130,12706
170130,13683
171130,13579
172130,14213
173130,10977
174130,13625
175130,13579
176130,13613
177130,13492
178130,10966
179130,14214
180130,13839
181130,14157
182130,13253
183130,11777
184130,14055
185130,14293
186130,13979
187131,12256
188130,12573
189130,13833
190130,14382
191130,14472
192130,11690
193130,13357
194130,13988
195130,13984
196130,14093
197130,11538
198130,14291
199130,14180
200130,14035
201130,13493
202130,11836
203130,14900
204130,14320
205130,14095
206130,12733
207130,12590
208130,14073
209130,14661
210130,14494
211130,12199
212130,13332
213130,14219
214130,14206
215130,14681
216130,11539
217130,14055
218130,14147
219130,14109
220130,14028
221130,14148
222130,11466
223130,14433
224130,12784
225130,13162
226130,13354
227130,11914
228130,14522
229130,11505
230130,14067
231130,12213
232130,12990
233130,13181
234130,11976
235130,14101
236130,11458
237130,13993
238130,12108
239130,13017
240130,13198
241130,11931
242130,14506
243130,11591
244130,14386
245130,12401
246131,13192
247130,13351
248130,12037
249130,14436
250130,11562
251130,14078
252130,12183
253130,13177
254130,13386
255130,11891
256130,14678
257130,11521
258130,14053
259130,12208
260130,13111
261130,13408
262130,11886
263130,14410
264130,11506
265130,14315
266130,11949
267130,13054
268130,12991
269130,11874
270130,14153
271133,11337
272130,14073
273130,11755
274130,13126
275130,12954
276130,11951
277130,14028
278131,11500
279130,14348
280131,11916
281130,13190
282130,13276
283130,11991
284130,14713
285130,11717
286131,14420
287130,12633
288130,13101
289130,13546
290130,11859
291130,14847
292130,11665
293130,14226
294130,12412
295130,13034
296130,13516
297130,11838
298131,14580
299130,11586
300130,14239
301130,12245
302130,13097
303130,13422
304130,11903
305130,14394
306130,11565
307130,14388
308130,12226
309130,13620
310130,14109
311130,11908
312130,14875
313130,11773
314130,14294
315130,12504
316130,13098
317130,13818
318131,11979
319130,14837
320130,11766
321130,14141
322130,12902
323130,12787
324130,14090
325130,11753
326131,15176
327130,11772
328130,13905
329130,12963
330130,12846
331130,14321
332130,11728
333130,15085
334130,12093
335130,11946
336130,12419
337130,12989
338131,13365
339130,12833
340130,12689
341130,12754
342130,12284
343130,12051
344130,11993
345130,12045
346131,12270
347130,14056
348130,14037
349130,14058
350130,14055
351130,13267
352130,13372
353130,13650
354130,13611
355130,13040
356130,13910
357130,13929
358130,13922
359130,13882
360130,13752
361130,13681
362130,13786
363130,13751
364130,13700
365140,13684
366140,13600
367140,13653
368140,13670
369140,13710
370140,13765
371140,13686
372140,13828
373140,13806
374140,13932
375140,14067
376140,15842
377140,15897
378141,15825
379140,15770
380140,15829
381140,15751
382140,15955
383140,16067
384140,16015
385140,16073
386141,15994
387140,15990
388140,15847
389140,15782
390140,15830
391140,15671
392140,15832
393140,15818
394140,15737
395140,15770
396140,14752
397140,14658
398141,14658
399140,14574
400140,14653
401140,14627
402142,14648
403140,14656
404140,14625
405140,14589
406140,14550
407140,14966
408140,15091
409140,15022
410140,15052
411140,14369
412140,14321
413140,14360
414140,14370
415140,14481
416140,15767
417140,15922
418140,15902
419140,15824
420140,15929
421140,15916
422140,15898
423140,15956
424140,15850
425140,15766
426141,15795
427140,15872
428140,15865
429140,15772
430140,15735
431140,15772
432140,15949
433140,16030
434140,16249
435140,16205
436140,16253
437140,16279
438140,16248
439140,15951
440140,15816
441140,15897
442140,15823
443140,16014
444140,16026
445140,15814
446145,15974
447140,16078
448140,16038
449140,16048
450140,16096
451140,16076
452140,15955
453140,15945
454140,15910
455140,15673
456140,15918
457140,15900
458140,15728
459140,15902
460140,15946
461140,15820
462140,15822
463140,15732
464140,15754
465140,15726
466141,15730
467140,15955
468140,16163
469140,16137
470140,16094
471140,15731
472140,15510
473140,15449
474140,15511
475140,15549
476140,15826
477140,15710
478140,15848
479140,15782
480140,15788
481140,16093
482140,16187
483140,15936
484140,16001
485140,15888
486140,16009
487140,15977
488140,15950
489140,15881
490140,15749
491140,15898
492140,15887
493140,15880
494140,15890
495140,15773
496140,16028
497140,16118
498140,16041
499140,16117
500140,16052
501140,16130
502140,16230
503140,16183
504140,16212
505140,16067
506140,16262
507140,16218
508140,16164
509140,16291
510140,16040
511140,16342
512140,16286
513140,16324
514140,16460
515140,16233
516140,16482
517140,16461
518140,16343
519140,16328
520140,16209
521140,16430
522140,16367
523140,16109
524140,16242
525140,16082
526140,15838
527140,15935
528140,16643
529140,16701
530140,16754
531140,16604
532140,15909
533140,16018
534140,15996
535140,15725
536140,16100
537140,16254
538140,15902
539140,16179
540140,16037
541140,16229
542140,16276
543140,15751
544141,16110
545140,16340
546140,15999
547140,16037
548140,16082
549140,16044
550140,16037
551140,15874
552140,15979
553140,15746
554140,15894
555140,16067
556140,15640
557140,15932
558140,15807
559140,15790
560140,15886
561140,15724
562140,15992
563140,15801
564140,16046
565140,16311
566140,16154
567140,16209
568140,16062
569140,16195
570140,16172
571140,15630
572140,16080
573140,16071
574140,15991
575140,15997
576140,15749
577140,16304
578140,16239
579140,15974
580140,16260
581140,16240
582140,16241
583140,16241
584140,15986
585140,16252
586140,16376
587140,16408
588140,16903
589140,16729
590140,16701
591140,16512
592140,15770
593140,15751
594140,15889
595140,15765
596140,15815
597140,15976
598140,16108
599140,16006
600140,15890
601140,15858
602140,16221
603140,16210
604140,15722
605140,15977
606140,16065
607140,16156
608140,16100
609140,15737
610140,15992
611140,16060
612140,16027
613140,15967
614140,15737
615140,16252
616140,16218
617140,15649
618140,16035
619140,16016
620140,16209
621140,16182
622140,15628
623140,16273
624140,16241
625140,16071
626140,16110
627140,15841
628140,15988
629140,16044
630140,15980
631140,16048
632140,15694
633140,15941
634140,16202
635140,16194
636140,16028
637140,15789
638140,15951
639140,16050
640140,15650
641140,15769
642140,15633
643140,15765
644140,15740
645140,15728
646140,15758
647140,15650
648140,16394
649140,16489
650140,16635
651140,16739
652140,15994
653140,16046
654140,16060
655140,16005
656140,15707
657140,15529
658140,16051
659140,16047
660140,15711
661140,16050
662140,16123
663140,16070
664140,16041
665140,15832
666140,16019
667140,15908
668140,15884
669140,15791
670140,15901
671140,16051
672140,15969
673140,15905
674140,16096
675140,15877
676140,16069
677140,15921
678140,16250
679140,16342
680140,15842
681140,16148
682140,16317
683140,16034
684140,16243
685140,16268
686140,16191
687140,16114
688140,16203
689140,16215
690140,16056
691140,16292
692140,16259
693142,16337
694140,16238
695140,16053
696140,16108
697140,16095
698140,16014
699140,16017
700140,16142
701140,16104
702140,16009
703140,15991
704140,15965
705140,16048
706140,16006
707140,15990
708140,15960
709140,16568
710140,16429
711140,16513
712140,16390
713140,15950
714140,15972
715150,15918
716150,15873
717150,16055
718150,16010
719150,15931
720150,15777
721150,16044
722150,16120
723150,16094
724150,16245
725150,16247
726150,16256
727150,16064
728150,16248
729150,16280
730150,16189
731150,16264
732150,16301
733150,16139
734150,16084
735150,15945
736150,16199
737150,16313
738150,16024
739150,16031
740150,16061
741150,16110
742150,16191
743150,16166
744150,16278
745150,16037
746150,16334
747150,16243
748150,16085
749150,16079
750150,15959
751150,16172
752150,16181
753150,15937
754150,16096
755150,16383
756150,16279
757150,16151
758150,16133
759150,16362
760150,16151
761150,15930
762150,16176
763150,16198
764150,15868
765150,15998
766150,16078
767150,15957
768150,16302
769150,16644
770150,16399
771150,16416
772150,16085
773150,15722
774150,15563
775150,14884
776150,14681
777150,15400
778150,16104
779150,16195
780150,15982
781150,16388
782150,16302
783150,16080
784150,16162
785151,16157
786150,16110
787150,16231
788150,16114
789150,16019
790150,16203
791150,16329
792151,16341
793150,16245
794150,16489
795150,16413
796150,16463
797150,16566
798150,16462
799150,16343
800150,16322
801150,16522
802150,16345
803150,16173
804150,16262
805150,16345
806150,16319
807150,16346
808150,16188
809150,16197
810150,16284
811150,16333
812151,16260
813150,16115
814150,16089
815150,16246
816150,16264
817150,16367
818150,16235
819150,16325
820150,16383
821150,16424
822150,16454
823150,16247
824150,16057
825150,16266
826150,16154
827150,16258
828150,16314
829150,16678
830150,16850
831150,16884
832150,16619
833150,15967
834150,16209
835150,16172
836150,15901
837150,16278
838150,16240
839150,15823
840150,16261
841150,15639
842150,15272
843150,16674
844150,16488
845150,16376
846150,16331
847150,15630
848150,16236
849150,16090
850150,15692
851150,16539
852150,16416
853150,16102
854150,16316
855150,16210
856150,16267
857150,16187
858150,15923
859150,16251
860150,16209
861150,16268
862150,16196
863150,16084
864150,16337
865150,16176
866150,16490
867150,16587
868150,16019
869150,16515
870150,16209
871150,16051
872150,16315
873150,16147
874150,16124
875150,16261
876150,16357
877150,16240
878150,16197
879150,16135
880150,16240
881150,16176
882150,16292
883150,16473
884150,16432
885150,16069
886150,16527
887150,16287
888150,15972
889150,16899
890150,16824
891150,16741
892150,16438
893150,15813
894150,16092
895150,15812
896150,15669
897151,16234
898150,16291
899150,16389
900150,16269
901150,16234
902150,16332
903150,16241
904150,16319
905150,16282
906150,16058
907150,16177
908150,16075
909150,16233
910150,16225
911151,15979
912150,16420
913150,16356
914150,16145
915150,16307
916150,16273
917150,16176
918150,16196
919150,16151
920150,16186
921150,16209
922150,16276
923150,16235
924150,15921
925150,16228
926150,16242
927150,16167
928150,16259
929150,16289
930150,16233
931150,16217
932150,15942
933150,16079
934150,15994
935150,16060
936150,16126
937150,16094
938150,16136
939150,16036
940150,16399
941150,16499
942150,16458
943150,16489
944150,16339
945150,16275
946150,16347
947150,15884
948150,15855
949150,17078
950150,17176
951150,17091
952150,16822
953150,16189
954150,16044
955150,16129
956150,16061
957150,16234
958150,16364
959150,16333
960150,16278
961150,16366
962150,16398
963150,16147
964150,16263
965150,16140
966150,15716
967150,16179
968150,16002
969150,15602
970150,16257
971150,15828
972150,15745
973150,16257
974150,15886
975150,15870
976153,16317
977150,15956
978151,16274
979151,16327
980150,15881
981150,16322
982150,15966
983151,15911
984150,16325
985150,15897
986150,16004
987150,16201
988150,15868
989150,16068
990150,16227
991150,16149
992150,16302
993150,15937
994150,16197
995150,16045
996150,16064
997150,16284
998150,16099
999150,15943
1000150,16298
1001150,16227
1002150,16119
1003150,16333
1004150,16172
1005150,16056
1006150,16255
1007150,15834
1008150,15893
1009150,16520
1010150,16712
1011150,16261
1012150,16144
1013150,15706
1014150,15892
1015150,15485
1016150,15055
1017150,14862
1018150,15663
1019150,15856
1020150,16074
1021150,15961
1022150,16121
1023150,16094
1024150,16160
1025150,15911
1026150,16020
1027150,15832
1028150,15913
1029150,16228
1030150,16150
1031150,16287
1032150,16319
1033150,16120
1034150,16422
1035150,16158
1036150,15906
1037150,16175
1038150,15918
1039150,15861
1040150,16154
1041150,15935
1042150,16100
1043150,16148
1044150,16012
1045150,16078
1046150,16204
1047150,16196
1048150,16109
1049150,15948
1050150,16211
1051150,15953
1052150,16028
1053150,15967
1054151,15934
1055150,16062
1056150,16061
1057150,16151
1058150,16152
1059150,16100
1060150,16290
1061150,15942
1062150,15848
1063150,16114
1064150,16100
1065150,16142
1066150,16137
1067150,15876
1068150,16227
1069150,16282
1070150,16618
1071150,16533
1072150,16435
1073150,16316
1074150,15796
1075150,15835
1076150,15733
1077150,15512
1078150,16042
1079150,15797
1080150,15584
1081150,16213
1082150,15703
1083150,15918
1084150,16252
1085150,15579
1086150,16063
1087150,16104
1088150,16143
1089150,16077
1090150,15925
1091150,15758
1092150,16139
1093150,16025
1094150,16193
1095150,16246
1096150,16286
1097150,16197
1098150,16023
1099150,16413
1100150,16279
1101150,16221
1102150,16210
1103150,15999
1104150,15781
1105150,16064
1106150,15960
1107150,16028
1108150,16090
1109150,16056
1110150,16126
1111150,16086
1112150,16140
1113150,16181
1114150,16108
1115150,16145
1116150,16157
1117150,16099
1118150,16216
1119150,15832
1120150,16088
1121150,16067
1122150,15765
1123150,16096
1124150,15823
1125150,15530
1126150,15936
1127150,15845
1128150,15736
1129150,16261
1130150,16363
1131150,16431
1132150,16523
1133150,16133
1134150,15674
1135150,15839
1136150,15719
1137150,15905
1138150,16032
1139150,16069
1140150,16031
1141150,15975
1142150,16216
1143150,15790
1144150,16144
1145150,16033
1146150,15705
1147150,16086
1148150,16028
1149150,16139
1150150,16038
1151150,16240
1152150,16176
1153150,15920
1154150,16196
1155150,16080
1156150,15852
1157150,16106
1158150,16013
1159150,15903
1160150,16112
1161150,16080
1162150,16019
1163150,16146
1164150,16103
1165150,16103
1166150,15479
1167150,16267
1168150,16304
1169150,14719
1170150,16294
1171150,16170
1172150,16108
1173150,16149
1174150,15954
1175150,16246
1176150,16359
1177150,16307
1178150,16657
1179150,16001
1180150,15744
1181150,16527
1182150,15888
1183150,16098
1184150,16590
1185150,15594
1186150,16381
1187150,16432
1188150,15612
1189150,16277
1190150,16353
1191150,16580
1192150,16837
1193150,16826
1194150,15349
1195150,15908
1196150,15823
1197150,16135
1198150,15759
1199150,16124
1200150,16144
1201150,16275
1202150,16047
1203150,15932
1204150,16338
1205150,16394
1206150,15824
1207150,15868
1208150,14144
1209150,12460
1210150,16090
1211150,15182
1212150,11968
1213150,10374
1214150,10315
1215160,10338
1216160,10149
1217160,16152
1218160,16251
1219160,14062
1220160,16034
1221160,15929
1222160,14981
1223160,16209
1224160,16212
1225160,15982
1226160,16119
1227160,15222
1228160,13100
1229160,12454
1230160,9528
1231160,8824
1232160,8781
1233160,9705
1234160,16194
1235160,16100
1236160,15319
1237160,16342
1238160,16041
1239160,16172
1240160,16462
1241160,15568
1242160,15841
1243160,16258
1244160,15134
1245160,15874
1246160,16167
1247160,15452
1248160,15936
1249160,16383
1250161,16095
1251160,16675
1252160,16711
1253160,15728
1254160,16214
1255160,15857
1256160,15109
1257160,15742
1258160,16211
1259160,15623
1260160,15993
1261163,16319
1262160,15893
1263160,15832
1264160,15921
1265160,16143
1266160,16120
1267160,15822
1268160,16181
1269160,16098
1270160,15574
1271160,15792
1272160,15946
1273160,15813
1274160,16056
1275160,15901
1276160,15992
1277160,15577
1278161,15962
1279160,16001
1280160,15858
1281160,15909
1282160,15927
1283160,15740
1284160,15967
1285165,15973
1286160,15990
1287160,15821
1288160,15758
1289160,15896
1290161,15821
1291160,15584
1292160,15707
1293160,15848
1294160,15827
1295160,15558
1296160,15799
1297160,15891
1298160,15439
1299160,15779
1300160,15920
1301160,15612
1302160,15809
1303160,15859
1304166,15644
1305160,15779
1306160,15745
1307160,15928
1308160,15781
1309160,15872
1310161,16501
1311160,16466
1312160,16558
1313160,16730
1314160,15701
1315160,15581
1316160,15784
1317160,15649
1318160,15814
1319160,16038
1320170,15776
1321340,15614
1322380,15767
1323470,15965
1324470,15988
1325470,15875
1326470,15744
1327470,16049
1328470,15538
1329470,15568
1330470,15815
1331470,16064
1332470,15864
1333470,15510
1334470,15946
1335470,15939
1336470,15533
1337470,15575
1338470,15883
1339470,14610
1340470,13965
1341470,15908
1342470,16044
1343470,15195
1344470,16032
1345470,15956
1346470,15215
1347470,15884
1348470,15821
1349470,15408
1350470,16054
1351470,16091
1352470,16293
1353470,16168
1354470,15537
1355470,16187
1356470,16189
1357470,15580
1358470,16120
1359470,16164
1360470,15420
1361470,16185
1362470,16168
1363470,15027
1364470,16097
1365470,16060
1366470,14969
1367470,16108
1368470,16109
1369470,14071
1370470,16759
1371470,16553
1372470,14953
1373470,16988
1374470,16325
1375470,15512
1376470,16550
1377470,16417
1378470,13180
1379470,11123
1380470,9731
1381470,8936
1382470,8886
1383470,8927
1384470,8955
1385470,12079
1386470,15805
1387470,15366
1388470,10696
1389470,8690
1390470,8695
1391470,8676
1392470,8701
1393470,10831
1394470,15668
1395470,15335
1396470,11408
1397470,8667
1398470,8696
1399470,8700
1400470,8651
1401470,11007
1402470,15793
1403470,15091
1404470,12185
1405470,8933
1406470,8843
1407470,8906
1408470,8861
1409470,10366
1410470,15778
1411470,15168
1412470,10807
1413470,8808
1414470,8671
1415470,8695
1416470,12769
1417470,16136
1418470,15798
1419470,14938
1420470,16079
1421470,15746
1422470,14229
1423470,16146
1424470,16354
1425470,16100
1426470,16305
1427470,15023
1428470,16053
1429470,16205
1430470,15384
1431470,16627
1432470,16405
1433470,15325
1434470,15638
1435470,15447
1436470,15463
1437470,15870
1438470,15760
1439470,15731
1440470,15862
1441470,15485
1442470,15712
1443470,15803
1444470,15386
1445470,14740
1446470,13567
1447470,11915
1448470,13941
1449470,15976
1450470,14957
1451470,12613
1452470,14600
1453470,15959
1454470,15853
1455470,16028
1456470,16002
1457470,15634
1458470,16056
1459470,16074
1460470,15603
1461470,16125
1462470,15994
1463470,15856
1464470,15773
1465470,15990
1466470,16155
1467470,16178
1468470,16172
1469470,16174
1470470,15913
1471470,15983
1472470,16205
1473470,15822
1474470,16214
1475470,16103
1476470,15936
1477470,16175
1478471,16236
1479470,15391
1480470,16194
1481470,15791
1482470,16020
1483470,15996
1484470,16045
1485470,16056
1486470,15992
1487470,15980
1488470,15893
1489470,15438
1490470,15935
1491470,16338
1492470,15928
1493470,16516
1494470,16195
1495470,15005
1496470,15734
1497471,15532
1498470,14702
1499470,15684
1500470,15869
1501470,15601
1502470,15865
1503470,16082
1504470,15999
1505470,16308
1506470,16060
1507470,16138
1508470,16256
1509470,16149
1510470,16276
1511470,16239
1512470,16058
1513470,16036
1514470,15987
1515470,15983
1516470,16037
1517470,16092
1518470,16159
1519470,16082
1520470,16296
1521470,15984
1522470,16293
1523470,16347
1524470,16068
1525470,16334
1526470,16014
1527470,15391
1528470,15993
1529470,15950
1530470,15604
1531470,16236
1532470,15919
1533470,15944
1534470,16197
1535470,16171
1536470,16293
1537470,16196
1538470,16274
1539470,16267
1540470,15790
1541470,16316
1542470,16283
1543470,15416
1544470,16231
1545470,16314
1546470,14460
1547470,16265
1548470,16287
1549470,15566
1550470,16341
1551470,16200
1552470,16612
1553470,16781
1554470,16787
1555470,16562
1556470,15977
1557470,15936
1558470,15890
1559470,15805
1560470,15760
1561470,16116
1562470,16097
1563470,15759
1564470,14238
1565470,15471
1566470,15924
1567470,16047
1568470,15818
1569470,15885
1570470,16080
1571470,15857
1572470,15941
1573470,16195
1574470,16024
1575470,15828
1576470,16159
1577470,16114
1578470,16107
1579470,16123
1580470,16125
1581470,16037
1582470,16043
1583470,16152
1584470,16082
1585470,15835
1586470,16435
1587470,16445
1588470,15987
1589470,16405
1590470,16094
1591470,15937
1592470,16247
1593470,16237
1594470,16008
1595470,16223
1596470,16114
1597470,16163
1598471,16079
1599470,16002
1600470,16204
1601470,16100
1602470,16324
1603470,16180
1604470,16153
1605470,16238
1606470,16230
1607470,16252
1608470,16303
1609470,16160
1610470,16178
1611470,16483
1612470,16709
1613470,16815
1614470,16821
1615470,16773
1616470,16261
1617470,16316
1618470,16355
1619470,15954
1620470,16341
1621470,16363
1622470,15707
1623470,16281
1624470,15941
1625470,15769
1626470,16344
1627470,16306
1628470,16240
1629470,16122
1630470,15639
1631470,16233
1632470,16051
1633470,15519
1634470,16206
1635470,16155
1636470,15813
1637470,15891
1638470,15908
1639470,15787
1640470,15990
1641470,15707
1642470,15782
1643470,16150
1644470,16070
1645470,16186
1646470,15996
1647470,16061
1648470,16164
1649470,16120
1650470,16207
1651470,16153
1652470,15780
1653470,16130
1654470,15874
1655470,15455
1656470,16136
1657470,15779
1658470,14984
1659470,16275
1660470,16184
1661470,14657
1662470,16280
1663470,16521
1664470,15889
1665470,16253
1666470,16207
1667470,16139
1668470,16185
1669470,15575
1670470,16018
1671470,16324
1672470,16892
1673470,16950
1674470,16362
1675470,16322
1676470,16094
1677470,15818
1678470,15960
1679470,15878
1680470,15649
1681470,16227
1682470,16078
1683470,16192
1684470,16267
1685471,15514
1686470,16269
1687470,16006
1688470,15365
1689470,16167
1690470,16214
1691470,13424
1692470,15256
1693470,16192
1694470,16135
1695470,16207
1696470,16217
1697470,15974
1698471,15506
1699470,16197
1700470,16147
1701470,16270
1702470,12238
1703470,10716
1704470,9243
1705470,14154
1706470,16215
1707470,15904
1708470,15529
1709470,16168
1710470,15115
1711470,15096
1712470,16250
1713470,15923
1714470,15519
1715470,15991
1716470,15892
1717470,15758
1718470,15389
1719470,13032
1720470,9178
1721470,8846
1722470,8859
1723470,8724
1724470,8869
1725470,14440
1726470,16162
1727470,15917
1728470,15853
1729470,15220
1730470,13822
1731470,15481
1732470,16526
1733470,16665
1734470,16822
1735470,16724
1736470,15906
1737470,15772
1738470,15658
1739470,15820
1740470,15886
1741470,15846
1742470,16106
1743470,15817
1744470,15708
1745470,16138
1746470,16009
1747470,15618
1748470,16226
1749470,16046
1750470,15577
1751470,15994
1752470,16022
1753470,15816
1754470,15937
1755470,15171
1756470,15710
1757470,16086
1758470,16069
1759470,15976
1760470,14424
1761470,15626
1762470,14775
1763470,15952
1764470,15896
1765471,15967
1766470,16041
1767470,15785
1768470,15984
1769470,15906
1770470,15930
1771470,16028
1772470,15935
1773470,15830
1774470,15955
1775470,15984
1776470,15951
1777470,15310
1778470,13924
1779470,9380
1780470,8826
1781470,8777
1782470,8779
1783470,14868
1784470,16086
1785470,16048
1786470,16149
1787470,16114
1788470,15724
1789470,16148
1790470,15769
1791470,15728
1792470,16150
1793470,16312
1794470,16277
1795470,16658
1796470,15790
1797470,15596
1798470,15993
1799470,15444
1800470,15536
1801470,15997
1802470,15834
1803470,15941
1804470,15925
1805470,15619
1806471,15914
1807470,15885
1808472,15903
1809470,15901
1810470,15676
1811470,15863
1812470,15799
1813470,15935
1814470,15975
1815470,15720
1816470,15983
1817470,15915
1818470,15983
1819470,16007
1820470,15696
1821470,15799
1822470,15800
1823470,15800
1824470,15756
1825470,15516
1826470,15655
1827470,15632
1828470,15707
1829470,15705
1830470,15546
1831470,15714
1832470,15480
1833470,15622
1834470,15688
1835470,15210
1836470,15707
1837470,15921
1838470,15795
1839470,15927
1840470,15795
1841470,15925
1842470,15811
1843470,15737
1844470,15895
1845470,15502
1846471,15621
1847470,15848
1848470,15454
1849470,15718
1850470,15686
1851470,15845
1852470,15835
1853470,15899
1854470,16475
1855470,16342
1856470,16180
1857470,16225
1858470,15660
1859470,15242
1860470,16022
1861470,15800
1862470,15599
1863470,15926
1864470,15585
1865470,14843
1866470,15877
1867470,15596
1868470,15503
1869470,15783
1870470,15424
1871470,15563
1872470,15791
1873470,15367
1874470,15590
1875470,15724
1876470,15330
1877470,15697
1878470,15638
1879470,15905
1880470,16016
1881470,15965
1882470,16016
1883470,16226
1884470,16120
1885470,16314
1886470,15820
1887470,15312
1888470,15637
1889470,15823
1890470,15917
1891470,15942
1892470,15555
1893470,15588
1894470,15997
1895470,15817
1896470,15908
1897470,16028
1898470,15863
1899470,16032
1900470,15937
1901470,16081
1902470,16236
1903470,16170
1904470,15989
1905470,16193
1906470,16078
1907470,16136
1908470,16029
1909470,15965
1910470,15977
1911470,15954
1912470,16043
1913470,16039
1914470,16495
1915470,16625
1916470,15886
1917470,15549
1918470,15822
1919470,15608
1920470,16035
1921470,15686
1922470,15111
1923470,16061
1924470,15969
1925470,15704
1926470,16212
1927470,16196
1928470,16299
1929470,16341
1930470,15675
1931470,16185
1932470,15844
1933470,15737
1934470,16205
1935470,15692
1936470,15207
1937470,16185
1938470,15776
1939470,15363
1940470,16106
1941470,15411
1942470,15721
1943470,16077
1944470,14237
1945470,15941
1946470,15946
1947470,14750
1948470,15985
1949470,15909
1950470,15490
1951470,16406
1952470,16288
1953470,16189
1954470,16371
1955470,16137
1956470,16161
1957470,16120
1958470,16224
1959470,16309
1960470,16172
1961470,16221
1962470,16106
1963470,16206
1964470,16290
1965470,16129
1966470,16279
1967470,16056
1968470,16175
1969470,16265
1970470,16190
1971470,16286
1972470,16172
1973470,16384
1974470,16851
1975470,16850
1976470,16900
1977470,16574
1978470,15959
1979470,16040
1980470,15779
1981470,15508
1982470,15954
1983470,15783
1984470,16028
1985470,16254
1986470,16219
1987470,16127
1988470,16131
1989470,16097
1990470,14993
1991470,13501
1992470,12835
1993470,12770
1994470,12754
1995470,12723
1996470,12671
1997470,12723
1998470,12754
1999470,12652
2000470,12748
2001470,12721
2002470,12599
2003470,15458
2004470,16127
2005470,15880
2006470,15723
2007470,15206
2008470,15880
2009470,15571
2010470,16330
2011470,15862
2012470,16170
2013470,16392
2014470,15947
2015470,16009
2016470,16079
2017470,15943
2018470,14186
2019470,14975
2020470,16066
2021470,15849
2022470,16138
2023470,16090
2024470,15776
2025470,13810
2026470,12876
2027470,15897
2028470,16011
2029480,15921
2030480,16113
2031480,15874
2032480,15910
2033480,15728
2034480,16302
2035480,16545
2036480,16146
2037480,12708
2038480,10868
2039480,10257
2040480,10231
2041480,10236
2042480,10175
2043480,15028
2044480,15497
2045480,14668
2046480,13082
2047480,15952
2048480,16086
2049480,15934
2050480,16087
2051480,16288
2052480,16296
2053480,16057
2054480,16414
2055480,16371
2056480,16328
2057480,16245
2058480,16145
2059480,16064
2060480,15895
2061480,15851
2062480,15918
2063480,16132
2064480,15947
2065480,15959
2066480,16212
2067480,15926
2068480,16007
2069480,16270
2070480,15939
2071480,16106
2072480,16520
2073480,15819
2074480,16087
2075480,16226
2076480,15284
2077480,16280
2078480,16202
2079480,14859
2080480,16282
2081480,16210
2082480,15415
2083481,16159
2084481,16243
2085480,15206
2086480,16206
2087480,16220
2088480,15940
2089480,15953
2090480,15968
2091481,16045
2092480,16006
2093480,16064
2094480,16652
2095480,16469
2096480,16474
2097480,16329
2098480,15829
2099480,15761
2100480,15587
2101480,15725
2102480,15832
2103481,15833
2104480,15818
2105480,15990
2106480,15682
2107480,16139
2108480,16138
2109480,16184
2110480,16168
2111480,16087
2112480,15867
2113480,15863
2114480,16058
2115480,15837
2116480,15422
2117480,16089
2118480,16303
2119480,15811
2120480,16021
2121480,16146
2122487,15843
2123481,16050
2124480,16070
2125480,15899
2126480,16132
2127480,15906
2128480,15503
2129480,15744
2130480,15897
2131480,15825
2132480,16017
2133480,15848
2134480,15998
2135480,16018
2136480,15463
2137480,15529
2138480,15935
2139480,15747
2140480,15970
2141480,15751
2142481,15565
2143480,16030
2144480,15823
2145480,15849
2146480,16009
2147480,15223
2148480,15869
2149480,16098
2150480,16070
2151480,16046
2152480,15894
2153480,15886
2154481,16369
2155481,16481
2156480,16662
2157480,16178
2158480,15809
2159480,15672
2160480,15550
2161481,15709
2162481,15668
2163480,15605
2164480,15831
2165480,15788
2166480,15956
2167480,15676
2168480,15562
2169480,15996
2170480,15845
2171480,15628
2172480,15948
2173480,15499
2174480,15990
2175480,16120
2176480,16035
2177480,15784
2178480,16202
2179480,16335
2180480,15574
2181480,16049
2182486,16438
2183480,15874
2184480,16119
2185483,16172
2186480,15195
2187480,16127
2188480,16066
2189480,14645
2190480,16224
2191480,16169
2192480,16152
2193480,16217
2194480,16083
2195480,16326
2196480,16203
2197480,16068
2198480,16395
2199480,16409
2200480,16355
2201480,16392
2202480,16309
2203480,16260
2204480,16107
2205480,16161
2206480,16115
2207480,15713
2208480,15861
2209480,15792
2210480,15724
2211480,15483
2212481,15058
2213481,15022
2214480,15295
2215480,15576
2216480,15552
2217480,15598
2218480,15384
2219480,15155
2220481,15300
2221480,15105
2222480,14951
2223480,15022
2224480,15225
2225480,15186
2226480,15050
2227480,15006
2228480,15016
2229480,15101
2230480,15116
2231480,15117
2232480,15105
2233480,15077
2234480,15045
2235480,15046
2236480,15075
2237480,15031
2238480,15067
2239481,15039
2240480,15247
2241480,15086
2242480,15046
2243480,15017
2244481,14980
2245480,15076
2246480,15086
2247480,14942
2248480,14891
2249480,14913
2250480,14908
2251481,14945
2252480,15108
2253480,15162
2254480,15032
2255480,15050
2256480,15044
2257480,15085
2258480,15429
2259480,15440
2260480,15409
2261480,15428
2262480,15311
2263480,15348
2264480,15310
2265480,15346
2266480,15284
2267480,15281
2268480,15263
2269480,15279
2270480,15377
2271481,15164
2272480,15088
2273480,15241
2274480,15337
2275480,15556
2276480,15631
2277480,15636
2278480,15323
2279480,14908
2280480,14756
2281480,15003
2282480,14840
2283481,14913
2284480,15117
2285480,15088
2286480,15032
2287480,14978
2288480,14819
2289480,14953
2290480,14969
2291480,14810
2292480,14875
2293480,14949
2294480,14793
2295480,14974
2296480,14988
2297480,14765
2298480,14879
2299480,15010
2300480,14968
2301480,15029
2302480,15417
2303480,15334
2304480,15369
2305480,15367
2306480,15169
2307480,15153
2308480,15372
2309480,15250
2310480,15273
2311480,15208
2312480,14991
2313480,15115
2314480,15058
2315480,14939
2316480,15052
2317480,15000
2318480,15029
2319480,15045
2320480,15009
2321480,15095
2322480,15133
2323480,15282
2324480,15191
2325480,15211
2326480,15194
2327480,15240
2328480,15236
2329480,15044
2330480,15429
2331480,15560
2332480,15539
2333480,15712
2334480,16445
2335480,16341
2336480,15350
2337480,15628
2338480,15138
2339480,15634
2340480,15712
2341480,15717
2342480,15704
2343480,15769
2344480,16089
2345480,16054
2346480,16015
2347480,16061
2348480,16169
2349480,16132
2350480,16164
2351480,15794
2352480,15932
2353480,15910
2354480,15819
2355480,15648
2356480,14829
2357480,15967
2358480,15879
2359480,16168
2360480,15870
2361480,15677
2362480,16199
2363480,15764
2364480,15880
2365480,16206
2366480,16107
2367480,15734
2368480,16103
2369480,15962
2370480,15749
2371480,15978
2372480,16124
2373480,15677
2374480,15954
2375480,15990
2376480,15977
2377480,15580
2378480,15538
2379480,15514
2380480,15326
2381480,15815
2382480,15917
2383480,14315
2384480,11350
2385480,8679
2386480,8790
2387480,8777
2388480,8923
2389480,8926
2390480,11420
2391480,14800
2392480,13107
2393480,12203
2394480,12619
2395480,13497
2396480,13575
2397480,13574
2398480,13722
2399480,15550
2400481,14390
2401480,12978
2402480,12996
2403480,12978
2404480,12662
2405480,12328
2406480,12231
2407480,14100
2408480,14561
2409480,12607
2410480,13987
2411480,15533
2412480,15565
2413480,15542
2414480,15559
2415480,15719
2416480,15929
2417480,15717
2418480,15973
2419480,16001
2420480,15534
2421480,15533
2422480,15774
2423480,15717
2424480,15505
2425480,15747
2426480,15810
2427480,15766
2428480,15909
2429480,15902
2430480,15711
2431480,15961
2432481,15991
2433480,15614
2434480,15923
2435480,15790
2436480,15567
2437480,15738
2438480,16008
2439480,15704
2440480,15510
2441480,15965
2442480,15899
2443480,15330
2444480,15898
2445480,15989
2446480,15441
2447480,15987
2448480,15964
2449480,15893
2450480,16054
2451480,16008
2452480,15955
2453480,15825
2454480,15977
2455480,15653
2456480,16686
2457480,16675
2458480,16407
2459480,16727
2460480,15985
2461480,15531
2462480,16099
2463480,15948
2464480,15422
2465480,16093
2466480,15736
2467480,15579
2468480,16110
2469480,16062
2470480,15427
2471480,16138
2472480,16322
2473480,15535
2474480,16048
2475480,16112
2476480,15632
2477480,16285
2478480,16272
2479480,15268
2480480,16080
2481480,16064
2482480,15558
2483480,16213
2484480,16047
2485480,15429
2486480,16126
2487480,16100
2488480,15492
2489480,15848
2490480,15996
2491480,15342
2492480,15963
2493480,16049
2494480,15625
2495480,16014
2496480,15999
2497480,16043
2498480,16050
2499480,15736
2500480,15979
2501480,15915
2502480,16033
2503480,16001
2504480,15303
2505480,16019
2506480,15991
2507480,14865
2508480,16005
2509480,15975
2510480,14861
2511480,16034
2512480,15921
2513480,14234
2514480,16230
2515480,16392
2516480,14980
2517480,17123
2518480,17078
2519480,16117
2520480,15980
2521480,15764
2522480,16096
2523480,16116
2524480,15495
2525480,16037
2526480,15676
2527480,15342
2528480,16307
2529480,16280
2530480,16149
2531480,16049
2532480,15157
2533480,16080
2534480,16053
2535480,14824
2536480,16287
2537480,16231
2538480,15190
2539480,16112
2540480,16066
2541480,15228
2542480,16115
2543480,16082
2544480,14898
2545480,16081
2546480,16103
2547480,15056
2548480,16088
2549480,16182
2550480,15720
2551480,16031
2552480,15994
2553480,15562
2554480,16008
2555480,15927
2556480,16256
2557480,16126
2558480,15968
2559480,16224
2560480,15856
2561480,15875
2562480,15853
2563480,16071
2564480,15628
2565480,16082
2566480,16084
2567480,15599
2568480,16162
2569480,16017
2570480,16361
2571480,16266
2572480,15783
2573480,16334
2574480,16200
2575480,15819
2576480,16921
2577480,16899
2578480,16599
2579480,17032
2580480,16102
2581480,15747
2582480,16128
2583480,15840
2584480,15642
2585480,15727
2586480,15924
2587480,16187
2588480,16255
2589480,16000
2590480,16313
2591480,16279
2592480,16176
2593480,16386
2594480,16261
2595480,16236
2596480,16214
2597480,15556
2598480,14905
2599480,13920
2600480,12971
2601480,12962
2602480,12769
2603480,12827
2604480,15010
2605480,15594
2606480,14666
2607481,11773
2608480,10842
2609480,10109
2610480,9032
2611480,9046
2612480,11774
2613480,15694
2614480,15973
2615480,12250
2616480,10899
2617480,9257
2618480,9006
2619480,9008
2620480,9130
2621480,9167
2622480,13908
2623480,15906
2624480,14960
2625480,12345
2626480,11358
2627480,11428
2628480,11394
2629480,11459
2630480,11554
2631480,14423
2632480,15648
2633480,14977
2634480,12302
2635480,11662
2636480,12489
2637480,13197
2638480,13106
2639480,13175
2640480,14361
2641480,16169
2642480,16018
2643480,12491
2644480,11379
2645480,10903
2646480,10613
2647480,10595
2648480,10623
2649480,14477
2650480,15667
2651480,14832
2652480,10489
2653480,8989
2654480,8889
2655480,9012
2656480,9002
2657480,13162
2658480,15658
2659480,15020
2660480,10246
2661480,8949
2662480,9069
2663480,9112
2664480,9161
2665481,12667
2666480,15612
2667480,15201
2668480,10270
2669480,8840
2670480,8883
2671480,8896
2672480,8771
2673480,12075
2674480,16095
2675480,15311
2676480,11424
2677480,8868
2678480,8814
2679480,8884
2680480,8859
2681480,8820
2682480,13656
2683480,15499
2684480,15003
2685480,10065
2686480,9065
2687480,8887
2688480,8811
2689480,8848
2690480,12996
2691480,15523
2692480,14976
2693480,9977
2694480,8773
2695480,8913
2696480,9485
2697480,10916
2698480,11115
2699480,10898
2700480,10760
2701480,14209
2702480,15857
2703480,13902
2704480,10170
2705480,10158
2706480,9128
2707480,8886
2708480,8742
2709480,8660
2710480,13113
2711480,15902
2712480,15683
2713480,14617
2714480,15993
2715480,15833
2716480,15668
2717480,16092
2718480,16085
2719480,16098
2720480,15986
2721480,15172
2722480,16032
2723480,15774
2724480,14803
2725480,16063
2726480,15913
2727490,15303
2728490,16174
2729490,15753
2730490,15102
2731490,15876
2732490,15767
2733490,14581
2734490,16439
2735490,16303
2736490,16022
2737490,16544
2738490,15906
2739490,15752
2740490,16117
2741490,15610
2742490,15674
2743490,16151
2744490,15817
2745490,15501
2746490,15488
2747490,15955
2748490,15200
2749490,16519
2750490,16388
2751490,15945
2752490,16209
2753490,16123
2754490,16237
2755490,16234
2756490,11677
2757490,15230
2758490,16943
2759490,15501
2760490,11618
2761490,10278
2762490,10324
2763490,10469
2764490,10513
2765490,10503
2766490,12089
2767490,15874
2768490,15229
2769490,12829
2770490,9668
2771490,9295
2772490,9354
2773490,9356
2774490,9363
2775490,15079
2776490,15691
2777490,15013
2778491,12085
2779490,9471
2780490,9113
2781490,9200
2782490,9123
2783490,13552
2784490,13703
2785490,12846
2786490,9042
2787490,9106
2788490,9064
2789490,9005
2790490,9167
2791490,13231
2792490,15756
2793490,15054
2794490,9666
2795490,9083
2796490,9009
2797490,9044
2798490,9103
2799490,12959
2800490,15415
2801490,14036
2802490,9448
2803490,9101
2804490,9077
2805490,8960
2806490,9000
2807490,10372
2808490,15253
2809490,14087
2810490,10931
2811490,9024
2812490,9126
2813490,9179
2814490,9132
2815490,11161
2816490,15624
2817490,14157
2818490,11591
2819490,11135
2820490,11290
2821490,10970
2822490,10339
2823490,10400
2824490,10409
2825490,10320
2826490,13086
2827490,15919
2828490,13746
2829490,8957
2830490,9078
2831490,9105
2832490,9101
2833490,9235
2834490,9236
2835490,13510
2836490,15390
2837490,12887
2838490,9426
2839490,9127
2840490,9115
2841490,8992
2842490,9125
2843490,9053
2844490,15848
2845490,13853
2846490,12693
2847490,9088
2848490,9010
2849490,8997
2850490,8936
2851490,9052
2852490,9008
2853490,15131
2854490,13954
2855490,12718
2856490,9118
2857490,9076
2858490,8968
2859490,8947
2860490,8875
2861490,13703
2862490,14574
2863490,12605
2864490,9536
2865490,8941
2866490,8866
2867490,8967
2868490,8952
2869490,9026
2870490,15723
2871490,13042
2872490,10873
2873490,8994
2874490,8938
2875490,9014
2876490,9160
2877490,10261
2878490,11192
2879490,11182
2880490,11203
2881490,10749
2882490,14218
2883490,15615
2884490,13537
2885490,12909
2886490,10274
2887490,9036
2888490,15672
2889490,12941
2890490,10577
2891490,8681
2892490,8590
2893490,8708
2894490,8617
2895491,8719
2896490,15355
2897490,13103
2898490,11435
2899490,8778
2900490,8595
2901490,8522
2902490,8629
2903490,8601
2904490,15070
2905490,13857
2906490,12539
2907490,8970
2908490,8835
2909490,8858
2910490,8788
2911490,8876
2912490,12807
2913490,14841
2914490,12864
2915490,9821
2916490,9001
2917490,8927
2918490,8999
2919490,9016
2920490,9366
2921490,15794
2922490,13196
2923490,11496
2924490,8890
2925490,8910
2926490,8931
2927490,8913
2928490,8920
2929490,14740
2930490,14913
2931490,12637
2932490,8921
2933490,8896
2934490,8885
2935490,8875
2936490,8802
2937490,14264
2938490,16106
2939490,14145
2940490,11636
2941490,11055
2942490,10352
2943490,10281
2944490,10215
2945490,10247
2946490,10223
2947490,15471
2948490,14511
2949490,12110
2950490,8815
2951490,8865
2952490,8989
2953490,8939
2954490,8705
2955490,14783
2956490,14840
2957490,12941
2958490,9292
2959490,8724
2960490,8710
2961490,8908
2962490,8907
2963490,14809
2964490,15297
2965490,13805
2966490,8801
2967490,8802
2968490,8692
2969490,8694
2970490,8718
2971490,13516
2972490,15160
2973490,14106
2974490,8759
2975490,8704
2976490,8736
2977490,8700
2978490,8692
2979490,10173
2980490,15593
2981490,14721
2982490,12400
2983490,8953
2984490,8920
2985490,8855
2986490,8912
2987490,9432
2988490,15868
2989490,14997
2990490,12722
2991490,8669
2992490,8627
2993490,8672
2994490,8625
2995490,9081
2996490,15746
2997490,14819
2998490,14349
2999490,10797
3000490,10740
3001490,10807
3002490,10322
3003491,9948
3004490,10089
3005490,10104
3006490,9957
3007490,10094
3008490,15151
3009490,13853
3010490,12824
3011490,11351
3012490,11385
3013490,11355
3014492,11417
3015491,11398
3016490,15502
3017490,15026
3018490,14449
3019490,12867
3020490,12408
3021490,12252
3022491,12219
3023490,12220
3024490,13438
3025490,15771
3026490,14863
3027490,13041
3028490,11516
3029490,11494
3030490,11496
3031490,11446
3032490,12171
3033490,15839
3034491,15136
3035490,12731
3036490,9025
3037490,8866
3038490,8783
3039490,8817
3040490,9127
3041490,15808
3042490,14982
3043490,12909
3044490,8788
3045490,8724
3046490,8872
3047490,8947
3048490,9012
3049490,15813
3050490,15060
3051490,13986
3052490,9276
3053491,8866
3054490,8828
3055490,8793
3056490,8870
3057490,14719
3058490,13181
3059490,13396
3060492,10930
3061490,10871
3062490,10883
3063490,8903
3064490,9976
3065490,10040
3066490,10042
3067490,10104
3068490,11529
3069490,15681
3070490,14978
3071490,10200
3072491,8926
3073490,8885
3074490,8951
3075490,8813
3076490,9746
3077490,15581
3078490,14844
3079490,11675
3080490,8678
3081490,8752
3082490,8679
3083490,8592
3084491,9623
3085490,15485
3086492,15209
3087490,14669
3088490,15919
3089490,15930
3090490,15297
3091490,15905
3092490,15503
3093490,15630
3094490,15959
3095490,15719
3096491,15801
3097490,15944
3098490,15928
3099490,15824
3100490,15748
3101490,15658
3102490,15002
3103491,15643
3104490,15866
3105490,14436
3106490,14439
3107490,15773
3108490,13993
3109490,13017
3110490,12388
3111490,12435
3112490,12352
3113490,12268
3114490,12895
3115491,15697
3116490,14927
3117490,13579
3118490,10963
3119490,8906
3120490,10850
3121490,10981
3122490,11013
3123491,10977
3124490,12088
3125490,15874
3126490,15720
3127490,13090
3128490,12095
3129490,12144
3130490,11425
3131490,11528
3132490,12389
3133490,15456
3134490,14006
3135490,12796
3136490,11499
3137490,11547
3138490,11439
3139490,12836
3140490,15885
3141490,14788
3142491,12255
3143490,11456
3144490,10996
3145490,10224
3146490,10711
3147490,15512
3148490,14590
3149490,13565
3150490,12234
3151490,15599
3152490,15247
3153490,13807
3154491,12793
3155490,11788
3156490,8921
3157490,8773
3158490,10423
3159490,15861
3160490,15580
3161490,13194
3162490,9097
3163490,8856
3164490,8937
3165490,8831
3166490,8748
3167490,9486
3168490,16011
3169490,14948
3170490,13008
3171490,8887
3172490,8651
3173491,8806
3174490,8905
3175490,8875
3176490,15011
3177490,15098
3178490,13090
3179490,9659
3180490,9211
3181490,10896
3182490,10857
3183490,10818
3184490,11106
3185491,15790
3186490,15528
3187490,13986
3188490,10094
3189490,9573
3190490,8758
3191490,8703
3192491,8666
3193490,14269
3194490,15532
3195490,13563
3196490,10627
3197490,8903
3198490,8941
3199490,8943
3200490,8939
3201490,11516
3202490,14799
3203490,13013
3204491,10385
3205490,9020
3206490,8783
3207490,8798
3208490,8715
3209490,11055
3210490,15579
3211491,14917
3212490,10558
3213490,8828
3214490,8760
3215490,8712
3216490,8813
3217490,11173
3218490,15823
3219490,14966
3220490,11515
3221490,8763
3222490,8666
3223490,8577
3224490,8656
3225490,9232
3226490,15697
3227490,14894
3228490,12690
3229490,9400
3230490,8640
3231490,8678
3232490,8593
3233490,8810
3234490,15825
3235490,14780
3236490,12131
3237490,8743
3238490,8825
3239490,8980
3240490,9571
3241490,11118
3242490,11114
3243490,11062
3244490,11710
3245490,15593
3246490,15804
3247490,14223
3248490,11470
3249490,10023
3250490,9730
3251490,8715
3252490,9442
3253490,15662
3254490,14979
3255490,13391
3256490,11288
3257490,10247
3258490,10424
3259490,10527
3260490,11215
3261490,15684
3262490,15012
3263490,13903
3264490,12180
3265490,11359
3266490,11339
3267490,11297
3268490,11695
3269490,15934
3270490,15029
3271490,13877
3272490,11375
3273491,10847
3274490,10316
3275490,13174
3276490,16167
3277490,15876
3278490,15971
3279490,16048
3280490,15483
3281490,16163
3282490,16101
3283490,15360
3284490,15901
3285490,15988
3286490,15172
3287490,16145
3288490,14856
3289490,14560
3290490,16015
3291490,16233
3292490,15220
3293490,13504
3294490,11993
3295490,11161
3296490,11248
3297490,13825
3298490,15387
3299490,15374
3300490,15572
3301490,16748
3302490,16380
3303490,15793
3304490,16689
3305490,15776
3306490,15030
3307490,15563
3308490,14420
3309490,13512
3310490,16313
3311490,15294
3312491,10820
3313490,9407
3314490,8907
3315490,8846
3316490,8812
3317490,12494
3318490,15522
3319490,15686
3320490,14416
3321490,15413
3322490,15141
3323490,11611
3324490,13045
3325490,16044
3326490,15280
3327490,15363
3328490,16089
3329490,15603
3330490,15910
3331490,16195
3332490,15272
3333490,15916
3334490,16067
3335490,14875
3336490,15877
3337490,15729
3338490,15586
3339490,15750
3340490,15874
3341490,15906
3342490,15848
3343490,15689
3344490,15997
3345490,15673
3346490,14925
3347490,15859
3348490,15778
3349490,15622
3350490,15956
3351490,15777
3352490,15974
3353490,16031
3354490,16099
3355490,15890
3356490,15699
3357490,15896
3358490,15950
3359490,15736
3360490,15916
3361490,16618
3362491,16467
3363490,15132
3364490,12070
3365490,13861
3366490,16072
3367490,16167
3368490,16203
3369491,16096
3370490,15867
3371490,15902
3372490,15787
3373490,15345
3374490,15847
3375490,15943
3376490,15853
3377490,15841
3378490,15962
3379490,16148
3380490,16058
3381490,16081
3382490,15936
3383490,15632
3384490,15993
3385490,15794
3386490,15377
3387490,16025
3388490,15853
3389490,15849
3390490,16107
3391490,15883
3392490,16066
3393490,15926
3394490,16103
3395490,16134
3396490,15725
3397490,16133
3398490,15926
3399490,15602
3400490,15827
3401490,15662
3402490,14770
3403490,15964
3404490,15945
3405490,15669
3406490,16050
3407490,15751
3408490,15936
3409490,16017
3410490,15725
3411490,16050
3412490,16014
3413490,15651
3414490,15904
3415490,15891
3416490,15821
3417490,15980
3418490,15839
3419491,15792
3420490,15937
3421490,16504
3422490,16402
3423490,16528
3424490,16477
3425490,15665
3426490,15480
3427490,16010
3428490,15986
3429490,15645
3430490,15869
3431490,15945
3432490,15486
3433490,16016
3434490,15937
3435490,15387
3436490,16000
3437490,15820
3438490,15387
3439490,15972
3440490,15759
3441490,15386
3442490,15747
3443490,15687
3444490,15196
3445490,15937
3446490,15797
3447490,14900
3448490,15786
3449490,15626
3450490,15478
3451490,15856
3452490,15051
3453490,15360
3454490,15791
3455490,15739
3456490,15686
3457490,15689
3458490,15037
3459490,15997
3460490,15979
3461490,15109
3462490,15788
3463490,15824
3464490,15422
3465490,15889
3466490,15776
3467490,15214
3468490,15904
3469490,15795
3470490,15457
3471490,15881
3472490,15927
3473490,15864
3474490,15862
3475490,15897
3476490,15926
3477490,15845
3478490,15715
3479490,16003
3480490,15473
3481490,16058
3482490,16413
3483490,16180
3484490,16467
3485490,16000
3486490,15554
3487490,15817
3488490,15694
3489490,15688
3490490,15849
3491490,15818
3492490,15999
3493490,15972
3494490,15974
3495490,16022
3496490,15907
3497490,15827
3498490,15760
3499490,15829
3500490,15916
3501490,15806
3502490,15717
3503490,16048
3504490,15778
3505490,15660
3506490,15786
3507490,15934
3508490,15823
3509490,15519
3510490,15865
3511490,15919
3512491,15865
3513490,15866
3514490,15916
3515490,15745
3516490,15641
3517490,15753
3518490,15695
3519490,15523
3520490,15760
3521490,15752
3522490,15598
3523490,15669
3524490,15642
3525490,15392
3526490,15688
3527490,15613
3528490,15427
3529490,15690
3530490,15512
3531490,15331
3532490,16024
3533490,16002
3534490,15829
3535490,16000
3536490,15790
3537490,15969
3538490,15850
3539490,15822
3540490,15935
3541490,16145
3542490,16946
3543490,16749
3544490,16277
3545490,16414
3546490,16013
3547490,15170
3548490,15808
3549490,15664
3550491,15349
3551490,16020
3552490,16181
3553490,15811
3554490,15992
3555490,15824
3556490,16047
3557490,15936
3558490,15576
3559490,16045
3560490,16009
3561490,15335
3562490,15955
3563490,15744
3564490,15471
3565490,15951
3566490,15644
3567490,15962
3568490,16001
3569490,15780
3570490,15864
3571490,15820
3572491,15691
3573490,15960
3574490,15796
3575490,16032
3576490,16066
3577490,15997
3578490,15846
3579490,15882
3580490,15878
3581490,15909
3582490,15833
3583490,15967
3584490,15868
3585490,16098
3586490,16084
3587490,15724
3588490,15859
3589490,15980
3590490,16197
3591490,16106
3592490,16152
3593490,16175
3594490,16218
3595490,16046
3596490,15990
3597490,15615
3598490,15894
3599490,15867
3600490,15908
3601490,15950
3602490,16592
3603490,16443
3604490,16537
3605490,16305
3606490,16096
3607490,15983
3608490,15984
3609490,15803
3610490,15761
3611490,16083
3612490,16055
3613490,15395
3614490,16263
3615490,15983
3616490,15652
3617490,16088
3618490,16021
3619490,15693
3620490,16345
3621490,16140
3622490,15698
3623490,16212
3624490,16040
3625490,16125
3626490,16092
3627490,15618
3628490,15850
3629490,16180
3630490,15958
3631490,15919
3632490,16143
3633490,16072
3634490,15983
3635490,16151
3636490,15897
3637490,16166
3638490,16181
3639490,15902
3640490,15638
3641490,16107
3642490,16025
3643490,16054
3644490,16153
3645490,15888
3646490,16158
3647490,16014
3648490,15632
3649490,15883
3650490,16169
3651490,15705
3652490,16123
3653492,16175
3654490,15533
3655490,16043
3656490,16088
3657490,15538
3658490,16043
3659490,16318
3660490,15517
3661490,16252
3662490,16832
3663490,16221
3664490,16822
3665490,16589
3666490,15405
3667490,15786
3668490,16162
3669490,15519
3670490,16130
3671490,16124
3672490,14690
3673490,12111
3674490,15970
3675490,16078
3676490,15857
3677490,16052
3678490,16062
3679490,12883
3680490,11213
3681490,8949
3682490,8828
3683490,9002
3684490,8937
3685490,8854
3686490,14953
3687490,15282
3688490,14415
3689490,10532
3690490,10399
3691490,10519
3692490,10491
3693490,10364
3694490,14908
3695490,15605
3696490,14764
3697490,12474
3698490,15967
3699490,15574
3700490,14750
3701490,12782
3702490,16389
3703490,16412
3704490,13905
3705490,12536
3706490,12464
3707490,12448
3708490,12522
3709490,12474
3710490,12429
3711490,15925
3712490,15287
3713490,14494
3714490,9643
3715490,8974
3716490,8952
3717490,8987
3718490,8908
3719490,15542
3720490,15536
3721490,15465
3722490,11820
3723490,11250
3724490,11153
3725490,10677
3726490,8865
3727490,14666
3728490,16032
3729490,15429
3730490,11514
3731490,10990
3732490,16120
3733490,16268
3734490,15556
3735490,16247
3736490,16004
3737490,15836
3738490,16120
3739490,14450
3740490,11602
3741490,15937
3742490,15206
3743490,15506
3744490,13871
3745490,13415
3746490,12248
3747490,12182
3748490,12185
3749490,12164
3750490,12313
3751490,15518
3752490,14923
3753490,14505
3754490,13431
3755490,12113
3756490,12174
3757490,12136
3758490,12134
3759490,15267
3760490,15233
3761490,14511
3762490,12232
3763490,10179
3764490,8922
3765490,8957
3766490,8974
3767490,14856
3768490,13959
3769490,12682
3770490,8862
3771490,8820
3772490,8749
3773490,9450
3774490,16059
3775490,16069
3776490,14465
3777490,15951
3778490,15981
3779490,14986
3780490,15987
3781490,15229
3782490,15093
3783490,15935
3784490,16333
3785490,15829
3786490,11697
3787490,9166
3788490,9347
3789490,10485
3790490,10513
3791490,10437
3792490,10207
3793490,14040
3794490,15587
3795490,15665
3796490,11701
3797490,16055
3798490,16212
3799490,15003
3800490,16181
3801490,16182
3802490,15335
3803490,16010
3804490,16113
3805490,15871
3806490,15878
3807490,15899
3808491,15671
3809490,15893
3810490,15688
3811490,16010
3812490,15943
3813490,15902
3814490,15922
3815490,15861
3816490,16056
3817490,16141
3818490,15932
3819490,16130
3820490,16020
3821490,15850
3822490,16093
3823490,15925
3824490,15912
3825490,15917
3826490,15960
3827490,15768
3828490,15812
3829490,16201
3830490,16014
3831490,16074
3832490,16132
3833490,15780
3834490,15822
3835490,15736
3836490,14618
3837490,16162
3838490,16138
3839490,16178
3840491,16278
3841490,15751
3842490,16531
3843490,16715
3844490,16141
3845490,16604
3846490,16241
3847491,15831
3848490,16258
3849490,16084
3850490,15683
3851490,15880
3852490,15903
3853490,15881
3854490,16151
3855490,16067
3856490,15758
3857490,15493
3858490,16033
3859491,15953
3860490,15631
3861490,15953
3862490,15883
3863492,16000
3864490,15922
3865490,15832
3866495,15903
3867490,15741
3868490,15810
3869490,15723
3870490,15590
3871490,15470
3872490,15222
3873490,15366
3874490,15319
3875490,15277
3876490,15226
3877490,15156
3878490,15221
3879490,15110
3880490,15120
3881490,15141
3882490,15043
3883490,15283
3884490,15096
3885490,15088
3886491,15085
3887490,14876
3888490,15085
3889490,15071
3890490,15229
3891490,15026
3892490,14928
3893490,14954
3894490,14869
3895490,14934
3896490,14905
3897490,14784
3898490,14896
3899490,14912
3900490,14994
3901490,15104
3902490,15368
3903490,15399
3904490,15765
3905490,15594
3906490,15265
3907490,15076
3908490,15174
3909490,14823
3910490,15220
3911490,14923
3912490,14800
3913490,14817
3914490,15043
3915490,14897
3916490,14998
3917491,14848
3918490,15124
3919490,15122
3920490,14989
3921490,14990
3922490,14943
3923490,14913
3924490,15037
3925490,15115
3926490,15244
3927490,15081
3928490,15029
3929490,15034
3930490,15147
3931490,15189
3932490,14983
3933490,15028
3934490,14994
3935490,15117
3936491,15111
3937490,15128
3938490,15110
3939490,15075
3940490,15170
3941490,15177
3942490,15168
3943490,14982
3944491,15153
3945490,15276
3946490,15179
3947490,15188
3948490,15135
3949490,15078
3950490,14985
3951490,14906
3952490,14995
3953490,15113
3954490,14975
3955490,14966
3956491,15089
3957490,15085
3958490,14998
3959490,15130
3960490,14987
3961490,15006
3962490,15095
3963490,15398
3964490,15517
