# Starting timestamper
# Starting timestamper
0.965725223529
1.965725223529
2.965725223529
3.965725223529
4.965725223529
5.965725223529
6.965725223529
7.965725223529
8.965725223529
9.965725223529
10.965725223529
11.965725223529
12.965725223529
13.965725223529
14.965725223529
15.965725223529
16.965725223529
17.965725223529
18.965725223529
19.965725223529
20.965725223529
21.965725223529
22.965725223529
23.965725223529
24.965725223529
25.965725223529
26.965725223529
27.965725223529
28.965725223529
29.965725223529
30.965725223529
31.851799664705
31.965725323529
32.737917135294
32.965725423529
33.965725423529
34.965725423529
35.965725423529
36.965725423529
37.965725423529
38.965725423529
39.965725423529
40.965725423529
41.965725423529
42.965725423529
43.965725423529
44.965725423529
45.965725423529
46.965725423529
47.965725423529
48.965725423529
49.965725423529
50.965725423529
51.965725423529
52.965725423529
53.965725423529
54.965725423529
55.965725423529
56.965725423529
57.965725423529
58.965725423529
59.965725423529
60.965725423529
61.965725423529
62.965725423529
63.965725423529
64.965725423529
65.965725423529
66.965725423529
67.965725423529
68.965725423529
69.965725423529
70.965725423529
71.965725423529
72.965725423529
73.965725423529
74.965725423529
75.965725423529
76.965725423529
77.965725423529
78.965725423529
79.965725423529
80.965725423529
81.965725423529
82.965725423529
83.965725423529
84.965725423529
85.965725423529
86.965725423529
87.965725423529
88.965725423529
89.965725423529
90.965725423529
91.965725423529
92.965725423529
93.965725423529
94.965725423529
95.965725423529
96.965725423529
97.965725423529
98.965725423529
99.965725423529
100.965725423529
101.965725423529
102.965725423529
103.965725423529
104.965725423529
105.965725423529
106.965725423529
107.965725423529
108.965725423529
109.965725423529
110.965725423529
111.965725423529
112.965725423529
113.965725423529
114.965725423529
115.222508017647
115.965725623529
116.372023764705
116.549526194117
116.965725723529
117.965725723529
118.965725723529
119.965725723529
120.965725723529
121.965725723529
122.965725723529
123.965725723529
124.965725723529
125.965725723529
126.965725723529
127.965725723529
128.965725723529
129.965725723529
130.965725723529
131.965725723529
132.965725723529
133.965725723529
134.965725723529
135.965725723529
136.965725723529
137.965725723529
138.965725723529
139.965725723529
140.965725723529
141.965725723529
142.965725723529
143.965725723529
144.965725723529
145.965725723529
146.965725723529
147.965725723529
148.965725723529
149.965725723529
150.965725723529
151.965725723529
152.965725723529
153.965725723529
154.965725723529
155.965725723529
156.965725723529
157.965725723529
158.965725723529
159.965725723529
160.965725723529
161.965725723529
162.965725823529
163.965725823529
164.965725823529
165.965725823529
166.965725823529
167.965725823529
168.965725823529
169.965725823529
170.965725823529
171.965725823529
172.965725823529
173.965725823529
174.965725823529
175.965725823529
176.965725823529
177.965725823529
178.965725823529
179.965725823529
180.965725823529
181.965725823529
182.965725823529
183.965725823529
184.965725823529
185.965725823529
186.965725823529
187.965725823529
188.965725823529
189.965725823529
190.965725823529
191.965725823529
192.965725823529
193.965725823529
194.965725823529
195.965725823529
196.965725823529
197.965725823529
198.965725823529
199.965725823529
200.965725823529
201.965725823529
202.965725823529
203.965725823529
204.965725823529
205.965725823529
206.965725823529
207.965725823529
208.965725823529
209.965725823529
210.965725823529
211.965725823529
212.965725823529
213.965725823529
214.965725823529
215.965725823529
216.965725823529
217.965725823529
218.965725823529
219.965725823529
220.965725823529
221.965725823529
222.965725823529
223.965725823529
224.965725823529
225.965725823529
226.965725823529
227.965725823529
228.965725823529
229.965725823529
230.965725823529
231.965725823529
232.965725823529
233.965725823529
234.965725823529
235.965725823529
236.965725823529
237.965725823529
238.965725823529
239.965725823529
240.965725823529
241.965725823529
242.965725823529
243.965725823529
244.965725823529
245.965725823529
246.965725823529
247.965725823529
248.965725823529
249.965725823529
250.965725823529
251.965725823529
252.965725823529
253.965725823529
254.965725823529
255.965725823529
256.965725823529
257.965725823529
258.965725823529
259.965725923529
260.965725923529
261.965725923529
262.965725923529
263.965725923529
264.965725923529
265.965725923529
266.965725923529
267.965725923529
268.965725923529
269.965725923529
270.965725923529
271.965725923529
272.965725923529
273.965725923529
274.965725923529
275.965725923529
276.965725923529
277.965725923529
278.965725923529
279.965725923529
280.965725923529
281.965725923529
282.965725923529
283.965725923529
284.965725923529
285.965725923529
286.965725923529
287.965725923529
288.965725923529
289.965725923529
290.965726023529
291.965726023529
292.965726023529
293.965726023529
294.965726023529
295.965726023529
296.965726023529
297.965726023529
298.965726023529
299.965726023529
300.965726023529
301.965726023529
302.965726023529
303.965726023529
304.965726023529
305.965726023529
306.965726023529
307.965726023529
308.965726023529
309.965726023529
310.965726023529
311.965726023529
312.965726023529
313.965726023529
314.965726023529
315.965726023529
316.965726023529
317.965726023529
318.965726023529
319.965726023529
320.965726023529
321.965726023529
322.965726023529
323.965726023529
324.965726023529
325.965726023529
326.965726023529
327.965726023529
328.965726023529
329.965726023529
330.965726023529
331.965726023529
332.965726023529
333.965726023529
334.965726023529
335.965726023529
336.965726023529
337.965726023529
338.965726023529
339.965726023529
340.965726023529
341.965726023529
342.965726023529
343.965726023529
344.965726023529
345.965726023529
346.965726023529
347.965726023529
348.965726023529
349.965726023529
350.965726023529
351.965726023529
352.965726023529
353.965726023529
354.965726023529
355.965726023529
356.965726023529
357.965726023529
358.965726023529
359.965726023529
360.965726023529
361.965726023529
362.965726023529
363.965726023529
364.965726023529
365.965726023529
366.965726023529
367.965726023529
368.965726023529
369.965726023529
370.965726023529
371.965726023529
372.965726023529
373.965726023529
374.965726023529
375.965726023529
376.965726023529
377.965726023529
378.965726023529
379.965726023529
380.965726023529
381.965726023529
382.965726023529
383.965726023529
384.965726023529
385.965726023529
386.965726023529
387.965726023529
388.965726023529
389.965726023529
390.965726023529
391.965726023529
392.965726023529
393.965726023529
394.965726023529
395.965726023529
396.965726023529
397.965726023529
398.965726023529
399.965726023529
400.965726023529
401.965726023529
402.965726023529
403.965726023529
404.965726023529
405.965726023529
406.965726023529
407.965726023529
408.965726023529
409.965726023529
410.965726023529
411.965726023529
412.965726023529
413.965726023529
414.965726023529
415.965726023529
416.965726023529
417.965726023529
418.965726023529
419.965726023529
420.965726023529
421.965726023529
422.965726023529
423.965726023529
424.965726023529
425.965726023529
426.965726023529
427.965726023529
428.965726023529
429.965726023529
430.965726023529
431.965726023529
432.965726023529
433.965726023529
434.965726023529
435.965726023529
436.965726023529
437.965726023529
438.965726023529
439.965726023529
440.965726023529
441.965726023529
442.965726023529
443.965726023529
444.965726023529
445.965726023529
446.965726023529
447.965726029411
448.965726029411
449.965726029411
450.965726023529
451.965726023529
452.965726029411
453.965726023529
454.965726023529
455.965726023529
456.965726023529
457.965726023529
458.965726023529
459.965726029411
460.965726023529
461.965726023529
462.965726029411
463.965726023529
464.965726023529
465.965726023529
466.965726023529
467.965726023529
468.965726023529
469.965726023529
470.965726029411
471.965726023529
472.965726023529
473.965726029411
474.965726023529
475.965726023529
476.965726023529
477.965726029411
478.965726023529
479.965726029411
480.965726023529
481.965726023529
482.965726023529
483.965726023529
484.965726023529
485.965726023529
486.965726023529
487.965726023529
488.965726023529
489.965726023529
490.965726023529
491.965726023529
492.965726023529
493.965726023529
494.965726023529
495.965726023529
496.965726023529
497.965726023529
498.965726023529
499.965726023529
500.965726023529
501.965726029411
502.965726023529
503.965726029411
504.965726023529
505.965726023529
506.965726023529
507.965726023529
508.965726023529
509.965726023529
510.965726023529
511.965726023529
512.965726029411
513.965726023529
514.965726023529
515.965726023529
516.965726023529
517.965726023529
518.965726029411
519.965726023529
520.965726023529
521.965726023529
522.965726023529
523.965726023529
524.965726023529
525.965726023529
526.965726023529
527.965726029411
528.965726023529
529.965726023529
530.965726023529
531.965726023529
532.965726023529
533.965726023529
534.965726023529
535.965726023529
536.965726023529
537.965726023529
538.965726023529
539.965726023529
540.965726023529
541.965726023529
542.965726023529
543.965726023529
544.965726023529
545.965726029411
546.965726023529
547.965726023529
548.965726023529
549.965726029411
550.965726029411
551.965726023529
552.965726023529
553.965726023529
554.965726023529
555.965726029411
556.965726023529
557.965726023529
558.965726023529
559.965726023529
560.965726023529
561.965726023529
562.965726023529
563.965726023529
564.965726023529
565.965726023529
566.965726023529
567.965726029411
568.965726023529
569.965726023529
570.965726023529
571.965726023529
572.965726023529
573.965726029411
574.965726023529
575.965726023529
576.965726029411
577.965726023529
578.965726023529
579.965726023529
580.965726029411
581.965726023529
582.965726023529
583.965726023529
584.965726023529
585.965726023529
586.965726023529
587.965726023529
588.965726023529
589.965726029411
590.965726029411
591.965726029411
592.965726029411
593.965726023529
594.965726029411
595.965726023529
596.965726023529
597.965726023529
598.965726023529
599.965726023529
600.965726023529
601.965726023529
602.965726023529
603.965726023529
604.965726023529
605.965726023529
606.965726023529
607.965726023529
608.965726023529
609.965726023529
610.965726029411
611.965726023529
612.965726023529
613.965726023529
614.965726029411
615.965726023529
616.965726023529
617.965726023529
618.965726023529
619.965726023529
620.965726023529
621.965726023529
622.965726023529
623.965726023529
624.965726023529
625.965726029411
626.965726029411
627.965726029411
628.965726023529
629.965726029411
630.965726023529
631.965726023529
632.965726029411
633.965726029411
634.965726023529
635.965726023529
636.965726023529
637.965726023529
638.965726029411
639.965726023529
640.965726023529
641.965726023529
642.965726023529
643.965726023529
644.965726023529
645.965726023529
646.965726023529
647.965726023529
648.965726023529
649.965726029411
650.965726029411
651.965726029411
652.965726029411
653.965726029411
654.965726029411
655.965726029411
656.965726029411
657.965726029411
658.965726029411
659.965726029411
660.965726029411
661.965726029411
662.965726029411
663.965726029411
664.965726029411
665.965726029411
666.965726029411
667.965726029411
668.965726029411
669.965726029411
670.965726029411
671.965726029411
672.965726029411
673.965726029411
674.965726029411
675.965726029411
676.965726029411
677.965726029411
678.965726029411
679.965726029411
680.965726029411
681.965726029411
682.965726029411
683.965726029411
684.965726029411
685.965726029411
686.965726029411
687.965726029411
688.965726029411
689.965726029411
690.965726029411
691.965726029411
692.965726029411
693.965726029411
694.965726029411
695.965726029411
696.965726029411
697.965726029411
698.965726029411
699.965726029411
700.965726029411
701.965726029411
702.965726029411
703.965726029411
704.965726029411
705.965726029411
706.965726029411
707.965726029411
708.965726029411
709.965726029411
710.965726029411
711.965726029411
712.965726029411
713.965726029411
714.965726029411
715.965726029411
716.965726029411
717.965726029411
718.965726029411
719.965726029411
720.965726029411
721.965726029411
722.965726029411
723.965726029411
724.965726029411
725.965726029411
726.965726029411
727.965726029411
728.965726029411
729.965726029411
730.965726029411
731.965726029411
732.965726029411
733.965726029411
734.965726029411
735.965726029411
736.965726029411
737.965726029411
738.965726029411
739.965726029411
740.965726029411
741.965726029411
742.965726029411
743.965726029411
744.965726029411
745.965726029411
746.965726029411
747.965726029411
748.965726029411
749.965726029411
750.965726029411
751.965726029411
752.965726029411
753.965726029411
754.965726029411
755.965726029411
756.965726029411
757.965726029411
758.965726029411
759.965726029411
760.965726029411
761.965726029411
762.965726029411
763.965726029411
764.965726029411
765.965726029411
766.965726029411
767.965726029411
768.965726029411
769.965726029411
770.965726029411
771.965726029411
772.965726029411
773.965726029411
774.965726029411
775.965726129411
776.965726129411
777.965726129411
778.965726129411
779.965726129411
780.965726129411
781.965726129411
782.965726129411
783.965726129411
784.965726129411
785.965726129411
786.965726129411
787.965726129411
788.965726129411
789.965726129411
790.965726129411
791.965726129411
792.965726129411
793.965726129411
794.965726129411
795.965726129411
796.965726129411
797.965726129411
798.965726129411
799.965726129411
800.965726129411
801.965726129411
802.965726129411
803.965726129411
804.965726129411
805.965726129411
806.965726129411
807.965726129411
808.965726129411
809.965726129411
810.965726129411
811.965726129411
812.965726129411
813.965726129411
814.965726129411
815.965726129411
816.965726129411
817.965726129411
818.965726129411
819.965726129411
820.965726129411
821.965726129411
822.965726129411
823.965726129411
824.965726129411
825.965726129411
826.965726129411
827.965726129411
828.965726129411
829.965726129411
830.965726129411
831.965726129411
832.965726129411
833.965726129411
834.965726129411
835.965726129411
836.965726129411
837.965726129411
838.965726129411
839.965726129411
840.965726129411
841.965726129411
842.965726129411
843.965726129411
844.965726129411
845.965726129411
846.965726129411
847.965726129411
848.965726129411
849.965726129411
850.965726129411
851.965726129411
852.965726129411
853.965726129411
854.965726129411
855.965726129411
856.965726129411
857.965726129411
858.965726129411
859.965726129411
860.965726129411
861.965726129411
862.965726129411
863.965726129411
864.965726129411
865.965726129411
866.965726129411
867.965726129411
868.965726129411
869.965726129411
870.965726129411
871.965726129411
872.965726129411
873.965726129411
874.965726129411
875.965726129411
876.965726129411
877.965726129411
878.965726129411
879.965726129411
880.965726129411
881.965726129411
882.965726129411
883.965726129411
884.965726129411
885.965726129411
886.965726129411
887.965726129411
888.965726129411
889.965726129411
890.965726129411
891.965726129411
892.965726129411
893.965726129411
894.965726129411
895.965726129411
896.965726129411
897.965726129411
898.965726129411
899.965726129411
900.965726129411
901.965726129411
902.965726129411
903.965726129411
904.965726129411
905.965726129411
906.965726129411
907.965726129411
908.965726129411
909.965726129411
910.965726129411
911.965726129411
912.965726129411
913.965726129411
914.965726129411
915.965726129411
916.965726129411
917.965726129411
918.965726129411
919.965726129411
920.965726129411
921.965726129411
922.965726129411
923.965726129411
924.965726129411
925.965726129411
926.965726129411
927.965726129411
928.965726129411
929.965726129411
930.965726129411
931.965726129411
932.965726129411
933.965726129411
934.965726129411
935.965726129411
936.965726129411
937.965726129411
938.965726129411
939.965726129411
940.965726129411
941.965726129411
942.965726129411
943.965726129411
944.965726129411
945.965726129411
946.965726129411
947.965726129411
948.965726129411
949.965726129411
950.965726129411
951.965726129411
952.965726129411
953.965726129411
954.965726129411
955.965726129411
956.965726129411
957.965726129411
958.965726129411
959.965726129411
960.965726129411
961.965726129411
962.965726129411
963.965726129411
964.965726129411
965.965726129411
966.965726129411
967.965726129411
968.965726129411
969.965726129411
970.965726129411
971.965726129411
972.965726129411
973.965726129411
974.965726129411
975.965726129411
976.965726129411
977.965726129411
978.965726129411
979.965726129411
980.965726129411
981.965726129411
982.965726129411
983.965726129411
984.965726129411
985.965726129411
986.965726129411
987.965726129411
988.965726129411
989.965726129411
990.965726129411
991.965726129411
992.965726129411
993.965726129411
994.965726129411
995.965726129411
996.965726129411
997.965726129411
998.965726129411
999.965726129411
1000.965726129411
1001.965726129411
1002.965726129411
1003.965726129411
1004.965726129411
1005.965726129411
1006.965726129411
1007.965726129411
1008.965726129411
1009.965726129411
1010.965726129411
1011.965726129411
1012.965726129411
1013.965726129411
1014.965726129411
1015.965726129411
1016.965726129411
1017.965726129411
1018.965726129411
1019.965726129411
1020.965726129411
1021.965726129411
1022.965726129411
1023.965726129411
1024.965726129411
1025.965726129411
1026.965726129411
1027.965726129411
1028.965726129411
1029.965726129411
1030.965726129411
1031.965726129411
1032.965726129411
1033.965726129411
1034.965726129411
1035.965726129411
1036.965726129411
1037.965726129411
1038.965726129411
1039.965726129411
1040.965726129411
1041.965726129411
1042.965726129411
1043.965726129411
1044.965726129411
1045.965726129411
1046.965726129411
1047.965726129411
1048.965726129411
1049.965726129411
1050.965726129411
1051.965726129411
1052.965726129411
1053.965726129411
1054.965726129411
1055.965726129411
1056.965726129411
1057.965726129411
1058.965726129411
1059.965726129411
1060.965726129411
1061.965726129411
1062.965726129411
1063.965726129411
1064.965726129411
1065.965726129411
1066.965726129411
1067.965726129411
1068.965726129411
1069.965726129411
1070.965726129411
1071.965726129411
1072.965726129411
1073.965726129411
1074.965726129411
1075.965726129411
1076.965726129411
1077.965726129411
1078.965726129411
1079.965726129411
1080.965726129411
1081.965726129411
1082.965726129411
1083.965726129411
1084.965726129411
1085.965726129411
1086.965726129411
1087.965726129411
1088.965726129411
1089.965726129411
1090.965726129411
1091.965726129411
1092.965726129411
1093.965726129411
1094.965726129411
1095.965726129411
1096.965726129411
1097.965726129411
1098.965726129411
1099.965726129411
1100.965726129411
1101.965726129411
1102.965726129411
1103.965726129411
1104.965726129411
1105.965726129411
1106.965726129411
1107.965726129411
1108.965726129411
1109.965726129411
1110.965726129411
1111.965726129411
1112.965726129411
1113.965726129411
1114.965726129411
1115.965726129411
1116.965726129411
1117.965726129411
1118.965726129411
1119.965726129411
1120.965726129411
1121.965726129411
1122.965726129411
1123.965726129411
1124.965726129411
1125.965726129411
1126.965726129411
1127.965726129411
1128.965726129411
1129.965726129411
1130.965726129411
1131.965726129411
1132.965726129411
1133.965726129411
1134.965726129411
1135.965726129411
1136.965726129411
1137.965726129411
1138.965726129411
1139.965726129411
1140.965726129411
1141.965726129411
1142.965726129411
1143.965726129411
1144.965726129411
1145.965726129411
1146.965726129411
1147.965726129411
1148.965726129411
1149.965726129411
1150.965726129411
1151.965726129411
1152.965726129411
1153.965726129411
1154.965726129411
1155.965726129411
1156.965726129411
1157.965726129411
1158.965726129411
1159.965726129411
1160.965726129411
1161.965726129411
1162.965726129411
1163.965726129411
1164.965726129411
1165.965726129411
1166.965726129411
1167.965726129411
1168.965726129411
1169.965726129411
1170.965726129411
1171.965726129411
1172.965726129411
1173.965726129411
1174.965726129411
1175.965726129411
1176.965726129411
1177.965726129411
1178.965726129411
1179.965726129411
1180.965726129411
1181.965726129411
1182.965726129411
1183.965726129411
1184.965726129411
1185.965726129411
1186.965726129411
1187.965726129411
1188.965726129411
1189.965726129411
1190.965726129411
1191.965726129411
1192.965726129411
1193.965726129411
1194.965726129411
1195.965726129411
1196.965726129411
1197.965726129411
1198.965726129411
1199.965726129411
1200.965726129411
1201.965726129411
1202.965726129411
1203.965726129411
1204.965726129411
1205.965726129411
1206.965726129411
1207.965726129411
1208.965726129411
1209.965726129411
1210.965726129411
1211.965726129411
1212.965726129411
1213.965726129411
1214.965726129411
1215.965726129411
1216.965726129411
1217.965726129411
1218.965726129411
1219.965726129411
1220.965726129411
1221.965726129411
1222.965726129411
1223.965726129411
1224.965726129411
1225.965726129411
1226.965726129411
1227.965726129411
1228.965726129411
1229.965726129411
1230.965726129411
1231.965726129411
1232.965726129411
1233.965726129411
1234.965726129411
1235.965726129411
1236.965726129411
1237.965726129411
1238.965726129411
1239.965726129411
1240.965726129411
1241.965726129411
1242.965726129411
1243.965726129411
1244.965726129411
1245.965726129411
1246.965726129411
1247.965726129411
1248.965726129411
1249.965726129411
1250.965726129411
1251.965726129411
1252.965726129411
1253.965726129411
1254.965726129411
1255.965726129411
1256.965726129411
1257.965726129411
1258.965726129411
1259.965726129411
1260.965726129411
1261.965726129411
1262.965726129411
1263.965726129411
1264.965726129411
1265.965726129411
1266.965726129411
1267.965726129411
1268.965726129411
1269.965726129411
1270.965726129411
1271.965726129411
1272.965726129411
1273.965726129411
1274.965726129411
1275.965726129411
1276.965726129411
1277.965726129411
1278.965726129411
1279.965726129411
1280.965726129411
1281.965726129411
1282.965726129411
1283.965726129411
1284.965726129411
1285.965726129411
1286.965726129411
1287.965726129411
1288.965726129411
1289.965726129411
1290.965726129411
1291.965726129411
1292.965726129411
1293.965726129411
1294.965726129411
1295.965726129411
1296.965726129411
1297.965726129411
1298.965726129411
1299.965726129411
1300.965726129411
1301.965726129411
1302.965726129411
1303.965726129411
1304.965726129411
1305.965726129411
1306.965726129411
1307.965726129411
1308.965726129411
1309.965726129411
1310.965726129411
1311.965726129411
1312.965726129411
1313.965726129411
1314.965726129411
1315.965726129411
1316.965726129411
1317.965726129411
1318.965726129411
1319.965726129411
1320.965726129411
1321.965726129411
1322.965726129411
1323.965726129411
1324.965726129411
1325.965726129411
1326.965726129411
1327.965726129411
1328.965726129411
1329.965726129411
1330.965726129411
1331.965726129411
1332.965726129411
1333.965726129411
1334.965726129411
1335.965726129411
1336.965726129411
1337.965726129411
1338.965726129411
1339.965726129411
1340.965726129411
1341.965726129411
1342.965726129411
1343.965726129411
1344.965726129411
1345.965726129411
1346.965726129411
1347.965726129411
1348.965726129411
1349.965726129411
1350.965726129411
1351.965726129411
1352.965726129411
1353.965726129411
1354.965726129411
1355.965726129411
1356.965726129411
1357.965726129411
1358.965726129411
1359.965726129411
1360.965726129411
1361.965726129411
1362.965726129411
1363.965726129411
1364.965726129411
1365.965726129411
1366.965726129411
1367.965726129411
1368.965726129411
1369.965726129411
1370.965726129411
1371.965726129411
1372.965726129411
1373.965726129411
1374.965726129411
1375.965726129411
1376.965726129411
1377.965726129411
1378.965726129411
1379.965726129411
1380.965726129411
1381.965726129411
1382.965726129411
1383.965726129411
1384.965726129411
1385.965726129411
1386.965726129411
1387.965726129411
1388.965726129411
1389.965726129411
1390.965726129411
1391.965726129411
1392.965726129411
1393.965726129411
1394.965726129411
1395.965726129411
1396.965726129411
1397.965726129411
1398.965726129411
1399.965726129411
1400.965726129411
1401.965726129411
1402.965726129411
1403.965726129411
1404.965726129411
1405.965726129411
1406.965726129411
1407.965726129411
1408.965726129411
1409.965726129411
1410.965726129411
1411.965726129411
1412.965726129411
1413.965726129411
1414.965726129411
1415.965726129411
1416.965726129411
1417.965726129411
1418.965726129411
1419.965726129411
1420.965726129411
1421.965726129411
1422.965726129411
1423.965726129411
1424.965726129411
1425.965726129411
1426.965726129411
1427.965726129411
1428.965726129411
1429.965726129411
1430.965726129411
1431.965726129411
1432.965726129411
1433.965726129411
1434.965726129411
1435.965726129411
1436.965726129411
1437.965726129411
1438.965726129411
1439.965726129411
1440.965726129411
1441.965726129411
1442.965726129411
1443.965726129411
1444.965726129411
1445.965726129411
1446.965726129411
1447.965726129411
1448.965726129411
1449.965726129411
1450.965726129411
1451.965726129411
1452.965726129411
1453.965726129411
1454.965726129411
1455.965726129411
1456.965726129411
1457.965726129411
1458.965726129411
1459.965726129411
1460.965726129411
1461.965726129411
1462.965726129411
1463.965726129411
1464.965726129411
1465.965726129411
1466.965726129411
1467.965726129411
1468.965726129411
1469.965726129411
1470.965726129411
1471.965726129411
1472.965726129411
1473.965726129411
1474.965726129411
1475.965726129411
1476.965726129411
1477.965726129411
1478.965726129411
1479.965726129411
1480.965726129411
1481.965726129411
1482.965726129411
1483.965726129411
1484.965726129411
1485.965726129411
1486.965726129411
1487.965726129411
1488.965726129411
1489.965726129411
1490.965726129411
1491.965726135294
1492.965726135294
1493.965726135294
1494.965726135294
1495.965726135294
1496.965726135294
1497.965726135294
1498.965726135294
1499.965726135294
1500.965726135294
1501.965726135294
1502.965726135294
1503.965726135294
1504.965726135294
1505.965726135294
1506.965726135294
1507.965726135294
1508.965726135294
1509.965726135294
1510.965726135294
1511.965726135294
1512.965726135294
1513.965726135294
1514.965726135294
1515.965726135294
1516.965726135294
1517.965726135294
1518.965726135294
1519.965726135294
1520.965726135294
1521.965726135294
1522.965726135294
1523.965726135294
1524.965726135294
1525.965726135294
1526.965726135294
1527.965726135294
1528.965726135294
1529.965726135294
1530.965726135294
1531.965726135294
1532.965726135294
1533.965726135294
1534.965726135294
1535.965726135294
1536.965726135294
1537.965726135294
1538.965726135294
1539.965726135294
1540.965726135294
1541.965726135294
1542.965726135294
1543.965726135294
1544.965726135294
1545.965726135294
1546.965726135294
1547.965726135294
1548.965726135294
1549.965726135294
1550.965726135294
1551.965726135294
1552.965726135294
1553.965726135294
1554.965726135294
1555.965726135294
1556.965726135294
1557.965726135294
1558.965726135294
1559.965726135294
1560.965726135294
1561.965726135294
1562.965726135294
1563.965726135294
1564.965726135294
1565.965726135294
1566.965726135294
1567.965726135294
1568.965726135294
1569.965726135294
1570.965726135294
1571.965726135294
1572.965726135294
1573.965726135294
1574.965726135294
1575.965726135294
1576.965726135294
1577.965726135294
1578.965726135294
1579.965726135294
1580.965726135294
1581.965726135294
1582.965726135294
1583.965726135294
1584.965726135294
1585.965726135294
1586.965726135294
1587.965726135294
1588.965726135294
1589.965726135294
1590.965726135294
1591.965726135294
1592.965726135294
1593.965726135294
1594.965726135294
1595.965726135294
1596.965726135294
1597.965726135294
1598.965726135294
1599.965726135294
1600.965726135294
1601.965726135294
1602.965726135294
1603.965726135294
1604.965726135294
1605.965726135294
1606.965726135294
1607.965726135294
1608.965726135294
1609.965726135294
1610.965726135294
1611.965726135294
1612.965726135294
1613.965726135294
1614.965726135294
1615.965726135294
1616.965726135294
1617.965726135294
1618.965726135294
1619.965726135294
1620.965726135294
1621.965726135294
1622.965726135294
1623.965726135294
1624.965726135294
1625.965726135294
1626.965726135294
1627.965726135294
1628.965726135294
1629.965726135294
1630.965726135294
1631.965726135294
1632.965726135294
1633.965726135294
1634.965726135294
1635.965726135294
1636.965726135294
1637.965726135294
1638.965726135294
1639.965726135294
1640.965726135294
1641.965726135294
1642.965726135294
1643.965726135294
1644.965726135294
1645.965726135294
1646.965726135294
1647.965726135294
1648.965726135294
1649.965726135294
1650.965726135294
1651.965726135294
1652.965726135294
1653.965726135294
1654.965726135294
1655.965726135294
1656.965726135294
1657.965726135294
1658.965726135294
1659.965726135294
1660.965726135294
1661.965726135294
1662.965726135294
1663.965726135294
1664.965726135294
1665.965726135294
1666.965726135294
1667.965726135294
1668.965726135294
1669.965726135294
1670.965726135294
1671.965726135294
1672.965726135294
1673.965726135294
1674.965726135294
1675.965726135294
1676.965726135294
1677.965726135294
1678.965726135294
1679.965726135294
1680.965726135294
1681.965726135294
1682.965726135294
1683.965726135294
1684.965726135294
1685.965726135294
1686.965726135294
1687.965726135294
1688.965726129411
1689.965726129411
1690.965726129411
1691.965726129411
1692.965726129411
1693.965726129411
1694.965726129411
1695.965726129411
1696.965726129411
1697.965726129411
1698.965726135294
1699.965726129411
1700.965726129411
1701.965726129411
1702.965726135294
1703.965726135294
1704.965726129411
1705.965726135294
1706.965726135294
1707.965726129411
1708.965726135294
1709.965726135294
1710.965726129411
1711.965726135294
1712.965726135294
1713.965726129411
1714.965726135294
1715.965726135294
1716.965726135294
1717.965726135294
1718.965726135294
1719.965726129411
1720.965726135294
1721.965726135294
1722.965726129411
1723.965726135294
1724.965726135294
1725.965726135294
1726.965726135294
1727.965726135294
1728.965726129411
1729.965726129411
1730.965726129411
1731.965726129411
1732.965726135294
1733.965726129411
1734.965726129411
1735.965726135294
1736.965726135294
1737.965726135294
1738.965726129411
1739.965726129411
1740.965726129411
1741.965726135294
1742.965726135294
1743.965726135294
1744.965726129411
1745.965726135294
1746.965726135294
1747.965726135294
1748.965726135294
1749.965726135294
1750.965726135294
1751.965726135294
1752.965726135294
1753.965726135294
1754.965726129411
1755.965726135294
1756.965726135294
1757.965726135294
1758.965726135294
1759.965726135294
1760.965726135294
1761.965726135294
1762.965726135294
1763.965726135294
1764.965726135294
1765.965726135294
1766.965726135294
1767.965726129411
1768.965726135294
1769.965726129411
1770.965726135294
1771.965726135294
1772.965726135294
1773.965726135294
1774.965726135294
1775.965726129411
1776.965726129411
1777.965726135294
1778.965726135294
1779.965726135294
1780.965726135294
1781.965726135294
1782.965726135294
1783.965726135294
1784.965726135294
1785.965726129411
1786.965726135294
1787.965726135294
1788.965726129411
1789.965726135294
1790.965726135294
1791.965726135294
1792.965726129411
1793.965726135294
1794.965726135294
1795.965726129411
1796.965726129411
1797.965726135294
1798.965726129411
1799.965726129411
1800.965726135294
1801.965726129411
1802.965726135294
1803.965726135294
1804.965726129411
1805.965726135294
1806.965726129411
1807.965726129411
1808.965726135294
1809.965726135294
1810.965726135294
1811.965726135294
1812.965726129411
1813.965726129411
1814.965726129411
1815.965726135294
1816.965726135294
1817.965726135294
1818.965726129411
1819.965726135294
1820.965726135294
1821.965726129411
1822.965726129411
1823.965726135294
1824.965726135294
1825.965726129411
1826.965726135294
1827.965726129411
1828.965726129411
1829.965726135294
1830.965726135294
1831.965726135294
1832.965726135294
1833.965726135294
1834.965726129411
1835.965726135294
1836.965726135294
1837.965726129411
1838.965726129411
1839.965726135294
1840.965726135294
1841.965726135294
1842.965726135294
1843.965726135294
1844.965726129411
1845.965726129411
1846.965726129411
1847.965726129411
1848.965726135294
1849.965726135294
1850.965726135294
1851.965726135294
1852.965726135294
1853.965726129411
1854.965726135294
1855.965726129411
1856.965726135294
1857.965726135294
1858.965726135294
1859.965726135294
1860.965726129411
1861.965726135294
1862.965726135294
1863.965726135294
1864.965726129411
1865.965726135294
1866.965726135294
1867.965726129411
1868.965726135294
1869.965726135294
1870.965726135294
1871.965726129411
1872.965726135294
1873.965726135294
1874.965726135294
1875.965726135294
1876.965726135294
1877.965726129411
1878.965726129411
1879.965726135294
1880.965726135294
1881.965726135294
1882.965726129411
1883.965726135294
1884.965726135294
1885.965726129411
1886.965726135294
1887.965726135294
1888.965726129411
1889.965726129411
1890.965726129411
1891.965726135294
1892.965726129411
1893.965726129411
1894.965726135294
1895.965726135294
1896.965726135294
1897.965726135294
1898.965726135294
1899.965726135294
1900.965726135294
1901.965726135294
1902.965726135294
1903.965726135294
1904.965726135294
1905.965726135294
1906.965726135294
1907.965726135294
1908.965726135294
1909.965726135294
1910.965726135294
1911.965726135294
1912.965726135294
1913.965726135294
1914.965726135294
1915.965726135294
1916.965726135294
1917.965726135294
1918.965726135294
1919.965726135294
1920.965726135294
1921.965726135294
1922.965726135294
1923.965726135294
1924.965726135294
1925.965726135294
1926.965726135294
1927.965726135294
1928.965726135294
1929.965726135294
1930.965726135294
1931.965726135294
1932.965726135294
1933.965726135294
1934.965726135294
1935.965726135294
1936.965726135294
1937.965726135294
1938.965726135294
1939.965726135294
1940.965726135294
1941.965726135294
1942.965726135294
1943.965726135294
1944.965726135294
1945.965726135294
1946.965726135294
1947.965726135294
1948.965726135294
1949.965726135294
1950.965726135294
1951.965726135294
1952.965726135294
1953.965726135294
1954.965726135294
1955.965726135294
1956.965726135294
1957.965726135294
1958.965726135294
1959.965726135294
1960.965726135294
1961.965726135294
1962.965726135294
1963.965726135294
1964.965726135294
1965.965726135294
1966.965726135294
1967.965726135294
1968.965726135294
1969.965726135294
1970.965726135294
1971.965726135294
1972.965726135294
1973.965726135294
1974.965726135294
1975.965726135294
1976.965726135294
1977.965726135294
1978.965726135294
1979.965726135294
1980.965726135294
1981.965726135294
1982.965726135294
1983.965726135294
1984.965726135294
1985.965726135294
1986.965726135294
1987.965726135294
1988.965726135294
1989.965726135294
1990.965726135294
1991.965726135294
1992.965726135294
1993.965726135294
1994.965726135294
1995.965726135294
1996.965726135294
1997.965726135294
1998.965726135294
1999.965726135294
2000.965726135294
2001.965726135294
2002.965726135294
2003.965726135294
2004.965726135294
2005.965726135294
2006.965726135294
2007.965726135294
2008.965726135294
2009.965726135294
2010.965726135294
2011.965726135294
2012.965726135294
2013.965726135294
2014.965726135294
2015.965726135294
2016.965726135294
2017.965726135294
2018.965726135294
2019.965726135294
2020.965726135294
2021.965726135294
2022.965726135294
2023.965726135294
2024.965726135294
2025.965726135294
2026.965726135294
2027.965726135294
2028.965726135294
2029.965726135294
2030.965726135294
2031.965726135294
2032.965726135294
2033.965726135294
2034.965726135294
2035.965726135294
2036.965726135294
2037.965726135294
2038.965726135294
2039.965726135294
2040.965726135294
2041.965726135294
2042.965726135294
2043.965726135294
2044.965726135294
2045.965726135294
2046.965726135294
2047.965726135294
2048.965726135294
2049.965726135294
2050.965726135294
2051.965726135294
2052.965726135294
2053.965726135294
2054.965726135294
2055.965726135294
2056.965726135294
2057.965726135294
2058.965726135294
2059.965726135294
2060.965726135294
2061.965726135294
2062.965726135294
2063.965726135294
2064.965726135294
2065.965726135294
2066.965726135294
2067.965726135294
2068.965726135294
2069.965726135294
2070.965726135294
2071.965726135294
2072.965726135294
2073.965726135294
2074.965726135294
2075.965726135294
2076.965726135294
2077.965726135294
2078.965726135294
2079.965726135294
2080.965726135294
2081.965726135294
2082.965726135294
2083.965726135294
2084.965726135294
2085.965726135294
2086.965726135294
2087.965726135294
2088.965726135294
2089.965726135294
2090.965726135294
2091.965726135294
2092.965726135294
2093.965726135294
2094.965726135294
2095.965726135294
2096.965726135294
2097.965726135294
2098.965726135294
2099.965726135294
2100.965726135294
2101.965726135294
2102.965726135294
2103.965726135294
2104.965726135294
2105.965726135294
2106.965726135294
2107.965726135294
2108.965726135294
2109.965726135294
2110.965726135294
2111.965726135294
2112.965726135294
2113.965726135294
2114.965726135294
2115.965726135294
2116.965726135294
2117.965726135294
2118.965726135294
2119.965726135294
2120.965726135294
2121.965726135294
2122.965726135294
2123.965726135294
2124.965726135294
2125.965726135294
2126.965726135294
2127.965726135294
2128.965726135294
2129.965726135294
2130.965726135294
2131.965726135294
2132.965726135294
2133.965726135294
2134.965726135294
2135.965726135294
2136.965726135294
2137.965726135294
2138.965726135294
2139.965726135294
2140.965726135294
2141.965726135294
2142.965726135294
2143.965726135294
2144.965726135294
2145.965726135294
2146.965726135294
2147.965726135294
2148.965726135294
2149.965726135294
2150.965726135294
2151.965726135294
2152.965726135294
2153.965726135294
2154.965726135294
2155.965726135294
2156.965726135294
2157.965726135294
2158.965726135294
2159.965726135294
2160.965726135294
2161.965726135294
2162.965726135294
2163.965726135294
2164.965726135294
2165.965726135294
2166.965726135294
2167.965726135294
2168.965726135294
2169.965726135294
2170.965726135294
2171.965726135294
2172.965726135294
2173.965726135294
2174.965726135294
2175.965726135294
2176.965726135294
2177.965726135294
2178.965726135294
2179.965726135294
2180.965726135294
2181.965726135294
2182.965726135294
2183.965726135294
2184.965726135294
2185.965726135294
2186.965726135294
2187.965726135294
2188.965726135294
2189.965726135294
2190.965726135294
2191.965726135294
2192.965726135294
2193.965726135294
2194.965726135294
2195.965726135294
2196.965726135294
2197.965726135294
2198.965726135294
2199.965726135294
2200.965726135294
2201.965726135294
2202.965726135294
2203.965726135294
2204.965726135294
2205.965726135294
2206.965726135294
2207.965726135294
2208.965726135294
2209.965726135294
2210.965726135294
2211.965726135294
2212.965726135294
2213.965726135294
2214.965726135294
2215.965726135294
2216.965726135294
2217.965726135294
2218.965726135294
2219.965726135294
2220.965726135294
2221.965726135294
2222.965726135294
2223.965726135294
2224.965726135294
2225.965726135294
2226.965726135294
2227.965726135294
2228.965726135294
2229.965726135294
2230.965726135294
2231.965726135294
2232.965726135294
2233.965726135294
2234.965726135294
2235.965726135294
2236.965726135294
2237.965726135294
2238.965726135294
2239.965726135294
2240.965726135294
2241.965726135294
2242.965726135294
2243.965726135294
2244.965726135294
2245.965726135294
2246.965726135294
2247.965726135294
2248.965726135294
2249.965726135294
2250.965726135294
2251.965726135294
2252.965726135294
2253.965726135294
2254.965726135294
2255.965726135294
2256.965726135294
2257.965726135294
2258.965726135294
2259.965726135294
2260.965726135294
2261.965726135294
2262.965726135294
2263.965726135294
2264.965726135294
2265.965726135294
2266.965726135294
2267.965726135294
2268.965726135294
2269.965726135294
2270.965726135294
2271.965726135294
2272.965726135294
2273.965726135294
2274.965726135294
2275.965726135294
2276.965726135294
2277.965726135294
2278.965726135294
2279.965726135294
2280.965726135294
2281.965726135294
2282.965726135294
2283.965726135294
2284.965726135294
2285.965726135294
2286.965726135294
2287.965726135294
2288.965726135294
2289.965726135294
2290.965726135294
2291.965726135294
2292.965726135294
2293.965726135294
2294.965726135294
2295.965726135294
2296.965726135294
2297.965726135294
2298.965726135294
2299.965726135294
2300.965726135294
2301.965726135294
2302.965726135294
2303.965726135294
2304.965726135294
2305.965726135294
2306.965726135294
2307.965726135294
2308.965726135294
2309.965726135294
2310.965726135294
2311.965726135294
2312.965726135294
2313.965726135294
2314.965726135294
2315.965726135294
2316.965726135294
2317.965726135294
2318.965726135294
2319.965726135294
2320.965726135294
2321.965726135294
2322.965726135294
2323.965726135294
2324.965726135294
2325.965726135294
2326.965726135294
2327.965726135294
2328.965726135294
2329.965726135294
2330.965726135294
2331.965726135294
2332.965726135294
2333.965726141176
2334.965726141176
2335.965726141176
2336.965726135294
2337.965726141176
2338.965726135294
2339.965726241176
2340.965726241176
2341.965726235294
2342.965726241176
2343.965726235294
2344.965726235294
2345.965726235294
2346.965726235294
2347.965726241176
2348.965726235294
2349.965726241176
2350.965726241176
2351.965726235294
2352.965726235294
2353.965726235294
2354.965726241176
2355.965726235294
2356.965726241176
2357.965726241176
2358.965726235294
2359.965726241176
2360.965726235294
2361.965726235294
2362.965726241176
2363.965726235294
2364.965726235294
2365.965726241176
2366.965726241176
2367.965726241176
2368.965726235294
2369.965726241176
2370.965726241176
2371.965726235294
2372.965726241176
2373.965726235294
2374.965726241176
2375.965726241176
2376.965726241176
2377.965726235294
2378.965726235294
2379.965726241176
2380.965726241176
2381.965726235294
2382.965726241176
2383.965726241176
2384.965726235294
2385.965726235294
2386.965726235294
2387.965726241176
2388.965726241176
2389.965726241176
2390.965726241176
2391.965726241176
2392.965726241176
2393.965726241176
2394.965726241176
2395.965726235294
2396.965726241176
2397.965726235294
2398.965726235294
2399.965726241176
2400.965726235294
2401.965726241176
2402.965726235294
2403.965726241176
2404.965726235294
2405.965726235294
2406.965726241176
2407.965726241176
2408.965726241176
2409.965726235294
2410.965726241176
2411.965726235294
2412.965726241176
2413.965726241176
2414.965726241176
2415.965726235294
2416.965726235294
2417.965726241176
2418.965726241176
2419.965726235294
2420.965726235294
2421.965726241176
2422.965726241176
2423.965726235294
2424.965726235294
2425.965726235294
2426.965726235294
2427.965726235294
2428.965726241176
2429.965726241176
2430.965726241176
2431.965726241176
2432.965726241176
2433.965726235294
2434.965726241176
2435.965726241176
2436.965726241176
2437.965726235294
2438.965726235294
2439.965726241176
2440.965726235294
2441.965726241176
2442.965726241176
2443.965726235294
2444.965726235294
2445.965726241176
2446.965726235294
2447.965726241176
2448.965726235294
2449.965726241176
2450.965726241176
2451.965726235294
2452.965726235294
2453.965726241176
2454.965726235294
2455.965726235294
2456.965726241176
2457.965726235294
2458.965726241176
2459.965726241176
2460.965726235294
2461.965726235294
2462.965726241176
2463.965726235294
2464.965726235294
2465.965726235294
2466.965726235294
2467.965726235294
2468.965726241176
2469.965726241176
2470.965726241176
2471.965726241176
2472.965726235294
2473.965726241176
2474.965726235294
2475.965726235294
2476.965726241176
2477.965726235294
2478.965726235294
2479.965726241176
2480.965726241176
2481.965726241176
2482.965726241176
2483.965726235294
2484.965726235294
2485.965726241176
2486.965726241176
2487.965726241176
2488.965726241176
2489.965726241176
2490.965726235294
2491.965726241176
2492.965726241176
2493.965726241176
2494.965726235294
2495.965726235294
2496.965726235294
2497.965726241176
2498.965726235294
2499.965726241176
2500.965726241176
2501.965726235294
2502.965726235294
2503.965726235294
2504.965726235294
2505.965726241176
2506.965726235294
2507.965726235294
2508.965726235294
2509.965726235294
2510.965726235294
2511.965726235294
2512.965726241176
2513.965726235294
2514.965726241176
2515.965726241176
2516.965726241176
2517.965726241176
2518.965726241176
2519.965726241176
2520.965726235294
2521.965726235294
2522.965726235294
2523.965726235294
2524.965726235294
2525.965726241176
2526.965726241176
2527.965726241176
2528.965726241176
2529.965726241176
2530.965726235294
2531.965726235294
2532.965726235294
2533.965726235294
2534.965726235294
2535.965726235294
2536.965726235294
2537.965726235294
2538.965726235294
2539.965726235294
2540.965726235294
2541.965726235294
2542.965726235294
2543.965726235294
2544.965726235294
2545.965726235294
2546.965726235294
2547.965726235294
2548.965726235294
2549.965726235294
2550.965726235294
2551.965726235294
2552.965726235294
2553.965726235294
2554.965726235294
2555.965726235294
2556.965726235294
2557.965726235294
2558.965726235294
2559.965726235294
2560.965726235294
2561.965726235294
2562.965726235294
2563.965726235294
2564.965726235294
2565.965726235294
2566.965726235294
2567.965726235294
2568.965726235294
2569.965726235294
2570.965726235294
2571.965726235294
2572.965726235294
2573.965726235294
2574.965726235294
2575.965726235294
2576.965726235294
2577.965726235294
2578.965726235294
2579.965726235294
2580.965726235294
2581.965726235294
2582.965726235294
2583.965726235294
2584.965726235294
2585.965726235294
2586.965726235294
2587.965726235294
2588.965726235294
2589.965726235294
2590.965726235294
2591.965726235294
2592.965726235294
2593.965726235294
2594.965726235294
2595.965726235294
2596.965726235294
2597.965726235294
2598.965726235294
2599.965726235294
2600.965726235294
2601.965726235294
2602.965726235294
2603.965726235294
2604.965726235294
2605.965726235294
2606.965726235294
2607.965726235294
2608.965726235294
2609.965726235294
2610.965726235294
2611.965726235294
2612.965726235294
2613.965726235294
2614.965726235294
2615.965726235294
2616.965726235294
2617.965726235294
2618.965726235294
2619.965726235294
2620.965726235294
2621.965726235294
2622.965726235294
2623.965726235294
2624.965726235294
2625.965726235294
2626.965726235294
2627.965726235294
2628.965726235294
2629.965726235294
2630.965726235294
2631.965726235294
2632.965726235294
2633.965726235294
2634.965726235294
2635.965726235294
2636.965726235294
2637.965726235294
2638.965726235294
2639.965726235294
2640.965726235294
2641.965726235294
2642.965726235294
2643.965726235294
2644.965726235294
2645.965726235294
2646.965726235294
2647.965726235294
2648.965726235294
2649.965726235294
2650.965726235294
2651.965726235294
2652.965726235294
2653.965726235294
2654.965726235294
2655.965726235294
2656.965726235294
2657.965726235294
2658.965726235294
2659.965726235294
2660.965726235294
2661.965726235294
2662.965726235294
2663.965726235294
2664.965726235294
2665.965726235294
2666.965726235294
2667.965726235294
2668.965726235294
2669.965726235294
2670.965726235294
2671.965726235294
2672.965726235294
2673.965726235294
2674.965726235294
2675.965726235294
2676.965726235294
2677.965726235294
2678.965726235294
2679.965726235294
2680.965726235294
2681.965726235294
2682.965726235294
2683.965726235294
2684.965726235294
2685.965726235294
2686.965726235294
2687.965726235294
2688.965726235294
2689.965726235294
2690.965726235294
2691.965726235294
2692.965726235294
2693.965726235294
2694.965726235294
2695.965726235294
2696.965726241176
2697.965726235294
2698.965726235294
2699.965726235294
2700.965726235294
2701.965726235294
2702.965726235294
2703.965726235294
2704.965726235294
2705.965726235294
2706.965726235294
2707.965726235294
2708.965726235294
2709.965726235294
2710.965726235294
2711.965726235294
2712.965726235294
2713.965726235294
2714.965726235294
2715.965726235294
2716.965726235294
2717.965726235294
2718.965726235294
2719.965726235294
2720.965726235294
2721.965726235294
2722.965726235294
2723.965726235294
2724.965726235294
2725.965726235294
2726.965726235294
2727.965726235294
2728.965726235294
2729.965726235294
2730.965726235294
2731.965726235294
2732.965726235294
2733.965726235294
2734.965726235294
2735.965726235294
2736.965726235294
2737.965726235294
2738.965726235294
2739.965726235294
2740.965726235294
2741.965726235294
2742.965726235294
2743.965726235294
2744.965726235294
2745.965726241176
2746.965726241176
2747.965726241176
2748.965726241176
2749.965726241176
2750.965726241176
2751.965726241176
2752.965726241176
2753.965726241176
2754.965726241176
2755.965726241176
2756.965726241176
2757.965726241176
2758.965726241176
2759.965726241176
2760.965726241176
2761.965726241176
2762.965726241176
2763.965726241176
2764.965726241176
2765.965726241176
2766.965726241176
2767.965726241176
2768.965726241176
2769.965726241176
2770.965726241176
2771.965726241176
2772.965726241176
2773.965726241176
2774.965726241176
2775.965726241176
2776.965726241176
2777.965726241176
2778.965726241176
2779.965726241176
2780.965726241176
2781.965726241176
2782.965726241176
2783.965726241176
2784.965726241176
2785.965726241176
2786.965726241176
2787.965726241176
2788.965726241176
2789.965726241176
2790.965726235294
2791.965726241176
2792.965726241176
2793.965726241176
2794.965726241176
2795.965726241176
2796.965726241176
2797.965726241176
2798.965726241176
2799.965726241176
2800.965726241176
2801.965726241176
2802.965726241176
2803.965726241176
2804.965726241176
2805.965726241176
2806.965726241176
2807.965726241176
2808.965726241176
2809.965726241176
2810.965726241176
2811.965726241176
2812.965726241176
2813.965726241176
2814.965726241176
2815.965726241176
2816.965726241176
2817.965726241176
2818.965726241176
2819.965726241176
2820.965726241176
2821.965726241176
2822.965726241176
2823.965726241176
2824.965726241176
2825.965726241176
2826.965726241176
2827.965726241176
2828.965726241176
2829.965726241176
2830.965726241176
2831.965726241176
2832.965726241176
2833.965726241176
2834.965726241176
2835.965726241176
2836.965726241176
2837.965726241176
2838.965726241176
2839.965726241176
2840.965726241176
2841.965726241176
2842.965726241176
2843.965726241176
2844.965726241176
2845.965726241176
2846.965726241176
2847.965726241176
2848.965726241176
2849.965726241176
2850.965726241176
2851.965726241176
2852.965726241176
2853.965726241176
2854.965726241176
2855.965726241176
2856.965726241176
2857.965726241176
2858.965726241176
2859.965726241176
2860.965726241176
2861.965726241176
2862.965726241176
2863.965726241176
2864.965726241176
2865.965726241176
2866.965726241176
2867.965726241176
2868.965726241176
2869.965726241176
2870.965726241176
2871.965726241176
2872.965726241176
2873.965726241176
2874.965726241176
2875.965726241176
2876.965726241176
2877.965726241176
2878.965726241176
2879.965726241176
2880.965726241176
2881.965726241176
2882.965726241176
2883.965726241176
2884.965726241176
2885.965726241176
2886.965726241176
2887.965726241176
2888.965726241176
2889.965726241176
2890.965726241176
2891.965726341176
2892.965726341176
2893.965726341176
2894.965726341176
2895.965726341176
2896.965726341176
2897.965726341176
2898.965726341176
2899.965726341176
2900.965726341176
2901.965726341176
2902.965726341176
2903.965726341176
2904.965726341176
2905.965726341176
2906.965726341176
2907.965726341176
2908.965726341176
2909.965726341176
2910.965726341176
2911.965726341176
2912.965726341176
2913.965726341176
2914.965726341176
2915.965726341176
2916.965726341176
2917.965726341176
2918.965726341176
2919.965726341176
2920.965726341176
2921.965726341176
2922.965726341176
2923.965726341176
2924.965726341176
2925.965726341176
2926.965726341176
2927.965726341176
2928.965726341176
2929.965726341176
2930.965726341176
2931.965726341176
2932.965726341176
2933.965726341176
2934.965726341176
2935.965726341176
2936.965726341176
2937.965726341176
2938.965726341176
2939.965726341176
2940.965726341176
2941.965726341176
2942.965726341176
2943.965726341176
2944.965726341176
2945.965726341176
2946.965726341176
2947.965726341176
2948.965726341176
2949.965726341176
2950.965726341176
2951.965726341176
2952.965726341176
2953.965726341176
2954.965726341176
2955.965726341176
2956.965726341176
2957.965726341176
2958.965726341176
2959.965726341176
2960.965726341176
2961.965726341176
2962.965726341176
2963.965726341176
2964.965726341176
2965.965726341176
2966.965726341176
2967.965726341176
2968.965726341176
2969.965726341176
2970.965726341176
2971.965726341176
2972.965726341176
2973.965726341176
2974.965726341176
2975.965726341176
2976.965726341176
2977.965726341176
2978.965726341176
2979.965726341176
2980.965726341176
2981.965726341176
2982.965726341176
2983.965726341176
2984.965726341176
2985.965726341176
2986.965726341176
2987.965726341176
2988.965726341176
2989.965726341176
2990.965726341176
2991.965726341176
2992.965726341176
2993.965726341176
2994.965726341176
2995.965726341176
2996.965726341176
2997.965726341176
2998.965726341176
2999.965726341176
3000.965726341176
3001.965726341176
3002.965726341176
3003.965726341176
3004.965726341176
3005.965726341176
3006.965726341176
3007.965726341176
3008.965726341176
3009.965726341176
3010.965726341176
3011.965726341176
3012.965726341176
3013.965726341176
3014.965726341176
3015.965726341176
3016.965726341176
3017.965726341176
3018.965726341176
3019.965726341176
3020.965726341176
3021.965726341176
3022.965726341176
3023.965726341176
3024.965726341176
3025.965726341176
3026.965726341176
3027.965726341176
3028.965726341176
3029.965726341176
3030.965726341176
3031.965726341176
3032.965726341176
3033.965726341176
3034.965726341176
3035.965726341176
3036.965726341176
3037.965726341176
3038.965726341176
3039.965726341176
3040.965726341176
3041.965726341176
3042.965726341176
3043.965726341176
3044.965726341176
3045.965726341176
3046.965726341176
3047.965726341176
3048.965726341176
3049.965726341176
3050.965726341176
3051.965726341176
3052.965726341176
3053.965726341176
3054.965726341176
3055.965726341176
3056.965726341176
3057.965726341176
3058.965726341176
3059.965726341176
3060.965726341176
3061.965726341176
3062.965726341176
3063.965726341176
3064.965726341176
3065.965726341176
3066.965726341176
3067.965726341176
3068.965726341176
3069.965726341176
3070.965726341176
3071.965726341176
3072.965726341176
3073.965726341176
3074.965726341176
3075.965726341176
3076.965726341176
3077.965726341176
3078.965726341176
3079.965726341176
3080.965726341176
3081.965726341176
3082.965726341176
3083.965726341176
3084.965726341176
3085.965726341176
3086.965726341176
3087.965726341176
3088.965726341176
3089.965726341176
3090.965726341176
3091.965726341176
3092.965726341176
3093.965726341176
3094.965726341176
3095.965726341176
3096.965726341176
3097.965726341176
3098.965726341176
3099.965726341176
3100.965726341176
3101.965726341176
3102.965726341176
3103.965726341176
3104.965726341176
3105.965726341176
3106.965726341176
3107.965726341176
3108.965726341176
3109.965726341176
3110.965726341176
3111.965726341176
3112.965726341176
3113.965726341176
3114.965726341176
3115.965726341176
3116.965726341176
3117.965726341176
3118.965726341176
3119.965726341176
3120.965726341176
3121.965726341176
3122.965726341176
3123.965726341176
3124.965726341176
3125.965726341176
3126.965726341176
3127.965726341176
3128.965726341176
3129.965726341176
3130.965726341176
3131.965726341176
3132.965726341176
3133.965726341176
3134.965726341176
3135.965726341176
3136.965726341176
3137.965726341176
3138.965726341176
3139.965726341176
3140.965726341176
3141.965726341176
3142.965726341176
3143.965726341176
3144.965726341176
3145.965726341176
3146.965726341176
3147.965726341176
3148.965726341176
3149.965726341176
3150.965726341176
3151.965726341176
3152.965726341176
3153.965726341176
3154.965726341176
3155.965726341176
3156.965726341176
3157.965726341176
3158.965726341176
3159.965726341176
3160.965726341176
3161.965726341176
3162.965726341176
3163.965726341176
3164.965726341176
3165.965726341176
3166.965726341176
3167.965726341176
3168.965726341176
3169.965726341176
3170.965726341176
3171.965726341176
3172.965726341176
3173.965726341176
3174.965726341176
3175.965726341176
3176.965726341176
3177.965726347058
3178.965726341176
3179.965726341176
3180.965726341176
3181.965726341176
3182.965726341176
3183.965726341176
3184.965726341176
3185.965726341176
3186.965726341176
3187.965726341176
3188.965726341176
3189.965726341176
3190.965726341176
3191.965726341176
3192.965726341176
3193.965726341176
3194.965726341176
3195.965726341176
3196.965726341176
3197.965726341176
3198.965726341176
3199.965726341176
3200.965726341176
3201.965726341176
3202.965726341176
3203.965726341176
3204.965726341176
3205.965726341176
3206.965726341176
3207.965726341176
3208.965726341176
3209.965726341176
3210.965726341176
3211.965726341176
3212.965726341176
3213.965726341176
3214.965726341176
3215.965726341176
3216.965726341176
3217.965726341176
3218.965726341176
3219.965726341176
3220.965726341176
3221.965726341176
3222.965726341176
3223.965726341176
3224.965726341176
3225.965726341176
3226.965726341176
3227.965726341176
3228.965726341176
3229.965726341176
3230.965726341176
3231.965726341176
3232.965726341176
3233.965726341176
3234.965726341176
3235.965726341176
3236.965726341176
3237.965726341176
3238.965726341176
3239.965726341176
3240.965726341176
3241.965726341176
3242.965726341176
3243.965726341176
3244.965726341176
3245.965726341176
3246.965726341176
3247.965726341176
3248.965726341176
3249.965726341176
3250.965726341176
3251.965726341176
3252.965726341176
3253.965726341176
3254.965726341176
3255.965726341176
3256.965726341176
3257.965726341176
3258.965726341176
3259.965726341176
3260.965726341176
3261.965726341176
3262.965726341176
3263.965726341176
3264.965726341176
3265.965726341176
3266.965726341176
3267.965726341176
3268.965726341176
3269.965726341176
3270.965726341176
3271.965726341176
3272.965726341176
3273.965726341176
3274.965726341176
3275.965726341176
3276.965726341176
3277.965726341176
3278.965726341176
3279.965726341176
3280.965726341176
3281.965726341176
3282.965726341176
3283.965726341176
3284.965726341176
3285.965726341176
3286.965726341176
3287.965726341176
3288.965726341176
3289.965726341176
3290.965726341176
3291.965726341176
3292.965726341176
3293.965726341176
3294.965726341176
3295.965726341176
3296.965726341176
3297.965726341176
3298.965726341176
3299.965726341176
3300.965726341176
3301.965726341176
3302.965726341176
3303.965726341176
3304.965726341176
3305.965726341176
3306.965726341176
3307.965726341176
3308.965726341176
3309.965726341176
3310.965726341176
3311.965726341176
3312.965726341176
3313.965726341176
3314.965726347058
3315.965726341176
3316.965726341176
3317.965726341176
3318.965726341176
3319.965726341176
3320.965726341176
3321.965726341176
3322.965726341176
3323.965726341176
3324.965726341176
3325.965726341176
3326.965726341176
3327.965726341176
3328.965726341176
3329.965726341176
3330.965726341176
3331.965726341176
3332.965726341176
3333.965726341176
3334.965726341176
3335.965726341176
3336.965726341176
3337.965726341176
3338.965726341176
3339.965726341176
3340.965726341176
3341.965726341176
3342.965726341176
3343.965726341176
3344.965726341176
3345.965726341176
3346.965726341176
3347.965726341176
3348.965726341176
3349.965726341176
3350.965726341176
3351.965726341176
3352.965726341176
3353.965726341176
3354.965726341176
3355.965726341176
3356.965726341176
3357.965726341176
3358.965726341176
3359.965726341176
3360.965726341176
3361.965726341176
3362.965726341176
3363.965726341176
3364.965726341176
3365.965726341176
3366.965726341176
3367.965726341176
3368.965726341176
3369.965726341176
3370.965726341176
3371.965726341176
3372.965726341176
3373.965726341176
3374.965726341176
3375.965726341176
3376.965726341176
3377.965726341176
3378.965726341176
3379.965726341176
3380.965726341176
3381.965726341176
3382.965726341176
3383.965726341176
3384.965726341176
3385.965726341176
3386.965726341176
3387.965726341176
3388.965726341176
3389.965726341176
3390.965726341176
3391.965726341176
3392.965726341176
3393.965726341176
3394.965726341176
3395.965726341176
3396.965726341176
3397.965726341176
3398.965726341176
3399.965726341176
3400.965726341176
3401.965726341176
3402.965726341176
3403.965726341176
3404.965726341176
3405.965726341176
3406.965726341176
3407.965726341176
3408.965726341176
3409.965726341176
3410.965726341176
3411.965726341176
3412.965726341176
3413.965726341176
3414.965726341176
3415.965726341176
3416.965726341176
3417.965726341176
3418.965726341176
3419.965726341176
3420.965726341176
3421.965726341176
3422.965726341176
3423.965726341176
3424.965726341176
3425.965726341176
3426.965726341176
3427.965726341176
3428.965726341176
3429.965726341176
3430.965726341176
3431.965726341176
3432.965726341176
3433.965726341176
3434.965726341176
3435.965726341176
3436.965726341176
3437.965726341176
3438.965726341176
3439.965726341176
3440.965726341176
3441.965726341176
3442.965726341176
3443.965726341176
3444.965726341176
3445.965726341176
3446.965726341176
3447.965726341176
3448.965726341176
3449.965726341176
3450.965726341176
3451.965726341176
3452.965726341176
3453.965726341176
3454.965726341176
3455.965726341176
3456.965726341176
3457.965726341176
3458.965726341176
3459.965726341176
3460.965726341176
3461.965726341176
3462.965726341176
3463.965726341176
3464.965726341176
3465.965726341176
3466.965726341176
3467.965726341176
3468.965726341176
3469.965726341176
3470.965726341176
3471.965726341176
3472.965726341176
3473.965726341176
3474.965726341176
3475.965726341176
3476.965726341176
3477.965726341176
3478.965726341176
3479.965726341176
3480.965726341176
3481.965726341176
3482.965726341176
3483.965726341176
3484.965726341176
3485.965726341176
3486.965726341176
3487.965726341176
3488.965726341176
3489.965726341176
3490.965726341176
3491.965726341176
3492.965726341176
3493.965726341176
3494.965726341176
3495.965726341176
3496.965726341176
3497.965726341176
3498.965726341176
3499.965726341176
3500.965726341176
3501.965726341176
3502.965726341176
3503.965726341176
3504.965726341176
3505.965726341176
3506.965726341176
3507.965726341176
3508.965726341176
3509.965726341176
3510.965726341176
3511.965726341176
3512.965726341176
3513.965726341176
3514.965726341176
3515.965726341176
3516.965726341176
3517.965726341176
3518.965726341176
3519.965726341176
3520.965726341176
3521.965726341176
3522.965726341176
3523.965726341176
3524.965726341176
3525.965726341176
3526.965726341176
3527.965726341176
3528.965726341176
3529.965726341176
3530.965726341176
3531.965726341176
3532.965726341176
3533.965726341176
3534.965726341176
3535.965726341176
3536.965726341176
3537.965726341176
3538.965726341176
3539.965726341176
3540.965726341176
3541.965726341176
3542.965726341176
3543.965726341176
3544.965726341176
3545.965726341176
3546.965726341176
3547.965726341176
3548.965726341176
3549.965726341176
3550.965726341176
3551.965726341176
3552.965726341176
3553.965726341176
3554.965726341176
3555.965726341176
3556.965726341176
3557.965726341176
3558.965726341176
3559.965726341176
3560.965726341176
3561.965726341176
3562.965726341176
3563.965726341176
3564.965726341176
3565.965726341176
3566.965726341176
3567.965726341176
3568.965726341176
3569.965726341176
3570.965726341176
3571.965726341176
3572.965726341176
3573.965726341176
3574.965726341176
3575.965726341176
3576.965726341176
3577.965726341176
3578.965726341176
3579.965726341176
3580.965726341176
3581.965726341176
3582.965726341176
3583.965726341176
3584.965726341176
3585.965726341176
3586.965726341176
3587.965726347058
3588.965726341176
3589.965726341176
3590.965726341176
3591.965726341176
3592.965726341176
3593.965726341176
3594.965726341176
3595.965726341176
3596.965726347058
3597.965726341176
3598.965726347058
3599.965726347058
3600.965726341176
3601.965726341176
3602.965726341176
3603.965726341176
3604.965726347058
3605.965726341176
3606.965726347058
3607.965726341176
3608.965726341176
3609.965726347058
3610.965726341176
3611.965726341176
3612.965726341176
3613.965726341176
3614.965726347058
3615.965726341176
3616.965726341176
3617.965726341176
3618.965726341176
3619.965726341176
3620.965726347058
3621.965726341176
3622.965726341176
3623.965726347058
3624.965726341176
3625.965726341176
3626.965726341176
3627.965726341176
3628.965726341176
3629.965726341176
3630.965726341176
3631.965726341176
3632.965726347058
3633.965726341176
3634.965726347058
3635.965726347058
3636.965726341176
3637.965726341176
3638.965726341176
3639.965726347058
3640.965726341176
3641.965726347058
3642.965726341176
3643.965726341176
3644.965726341176
3645.965726347058
3646.965726341176
3647.965726341176
3648.965726347058
3649.965726341176
3650.965726341176
3651.965726347058
3652.965726341176
3653.965726341176
3654.965726347058
3655.965726341176
3656.965726341176
3657.965726347058
3658.965726341176
3659.965726347058
3660.965726341176
3661.965726341176
3662.965726341176
3663.965726341176
3664.965726341176
3665.965726347058
3666.965726347058
3667.965726347058
3668.965726341176
3669.965726347058
3670.965726341176
3671.965726347058
3672.965726341176
3673.965726341176
3674.965726341176
3675.965726341176
3676.965726341176
3677.965726341176
3678.965726341176
3679.965726341176
3680.965726341176
3681.965726347058
3682.965726341176
3683.965726347058
3684.965726347058
3685.965726347058
3686.965726341176
3687.965726341176
3688.965726341176
3689.965726341176
3690.965726341176
3691.965726341176
3692.965726341176
3693.965726347058
3694.965726347058
3695.965726341176
3696.965726341176
3697.965726341176
3698.965726341176
3699.965726341176
3700.965726341176
3701.965726347058
3702.965726341176
3703.965726341176
3704.965726341176
3705.965726347058
3706.965726341176
3707.965726341176
3708.965726341176
3709.965726341176
3710.965726341176
3711.965726347058
3712.965726347058
3713.965726341176
3714.965726341176
3715.965726341176
3716.965726347058
3717.965726341176
3718.965726341176
3719.965726341176
3720.965726341176
3721.965726347058
3722.965726341176
3723.965726341176
3724.965726341176
3725.965726347058
3726.965726341176
3727.965726341176
3728.965726341176
3729.965726347058
3730.965726341176
3731.965726347058
3732.965726341176
3733.965726341176
3734.965726341176
3735.965726341176
3736.965726341176
3737.965726341176
3738.965726347058
3739.965726341176
3740.965726347058
3741.965726347058
3742.965726347058
3743.965726341176
3744.965726341176
3745.965726341176
3746.965726341176
3747.965726341176
3748.965726341176
3749.965726347058
3750.965726347058
3751.965726341176
3752.965726341176
3753.965726341176
3754.965726341176
3755.965726341176
3756.965726341176
3757.965726341176
3758.965726341176
3759.965726341176
3760.965726341176
3761.965726341176
3762.965726341176
3763.965726347058
3764.965726341176
3765.965726341176
3766.965726341176
3767.965726347058
3768.965726347058
3769.965726341176
3770.965726341176
3771.965726347058
3772.965726341176
3773.965726341176
3774.965726341176
3775.965726347058
3776.965726341176
3777.965726341176
3778.965726341176
3779.965726347058
3780.965726341176
3781.965726341176
3782.965726341176
3783.965726341176
3784.965726347058
3785.965726347058
3786.965726341176
3787.965726341176
3788.965726341176
3789.965726341176
3790.965726341176
3791.965726341176
3792.965726347058
3793.965726347058
3794.965726347058
3795.965726341176
3796.965726341176
3797.965726341176
3798.965726341176
3799.965726341176
3800.965726341176
3801.965726341176
3802.965726347058
3803.965726347058
3804.965726347058
3805.965726347058
3806.965726347058
3807.965726347058
3808.965726347058
3809.965726347058
3810.965726347058
3811.965726347058
3812.965726347058
3813.965726347058
3814.965726347058
3815.965726347058
3816.965726347058
3817.965726347058
3818.965726347058
3819.965726347058
3820.965726347058
3821.965726347058
3822.965726347058
3823.965726347058
3824.965726347058
3825.965726347058
3826.965726347058
3827.965726347058
3828.965726347058
3829.965726347058
3830.965726347058
3831.965726347058
3832.965726347058
3833.965726347058
3834.965726347058
3835.965726347058
3836.965726347058
3837.965726347058
3838.965726347058
3839.965726347058
3840.965726347058
3841.965726347058
3842.965726347058
3843.965726347058
3844.965726347058
3845.965726347058
3846.965726347058
3847.965726347058
3848.965726347058
3849.965726347058
3850.965726347058
3851.965726347058
3852.965726347058
3853.965726347058
3854.965726347058
3855.965726347058
3856.965726447058
3857.965726447058
3858.965726447058
3859.965726547058
3860.965726547058
3861.965726547058
3862.965726547058
3863.965726547058
3864.965726547058
3865.965726547058
3866.965726547058
3867.965726547058
3868.965726547058
3869.965726547058
3870.965726547058
3871.965726547058
3872.965726547058
3873.965726547058
3874.965726547058
3875.965726547058
3876.965726547058
3877.965726547058
3878.965726547058
3879.965726547058
3880.965726547058
3881.965726547058
3882.965726547058
3883.965726547058
3884.965726547058
3885.965726547058
3886.965726547058
3887.965726547058
3888.965726547058
3889.965726547058
3890.965726547058
3891.965726547058
3892.965726547058
3893.965726547058
3894.965726547058
3895.965726547058
3896.965726547058
3897.965726547058
3898.965726547058
3899.965726547058
3900.965726547058
3901.965726547058
3902.965726547058
3903.965726547058
3904.965726547058
3905.965726547058
3906.965726547058
3907.965726547058
3908.965726547058
3909.965726547058
3910.965726547058
3911.965726547058
3912.965726547058
3913.965726547058
3914.965726547058
3915.965726547058
3916.965726547058
3917.965726547058
3918.965726547058
3919.965726547058
3920.965726547058
3921.965726547058
3922.965726547058
3923.965726547058
3924.965726547058
3925.965726547058
3926.965726547058
3927.965726547058
3928.965726547058
3929.965726547058
3930.965726547058
3931.965726547058
3932.965726547058
3933.965726547058
3934.965726547058
3935.965726547058
3936.965726547058
3937.965726547058
3938.965726547058
3939.965726547058
3940.965726547058
3941.965726547058
3942.965726547058
3943.965726547058
3944.965726547058
3945.965726547058
3946.965726547058
3947.965726547058
3948.965726547058
3949.965726547058
3950.965726547058
3951.965726547058
3952.965726547058
3953.965726547058
3954.965726547058
3955.965726547058
3956.965726547058
3957.965726547058
3958.965726547058
3959.965726547058
3960.965726547058
3961.965726547058
3962.965726547058
3963.965726547058
3964.965726547058
3965.965726547058
3966.965726547058
3967.965726547058
3968.965726547058
