# Starting timestamper
# Starting timestamper
0.653486364705
1.653486358823
2.653486352941
3.653486347058
4.653486341176
5.653486335294
6.653486329411
7.653486323529
8.653486317647
9.653486311764
10.653486305882
11.653486300000
12.653486294117
13.653486288235
14.653486282352
15.653486276470
16.653486270588
17.653486270588
18.653486264705
19.653486258823
20.653486252941
21.653486247058
22.653486241176
23.653486235294
24.653486229411
25.653486223529
26.653486217647
27.653486211764
28.653486205882
29.653486200000
30.653486194117
31.653486188235
32.653486182352
33.653486176470
34.653486170588
35.653486164705
36.653486158823
37.653486152941
38.653486147058
39.653486141176
40.653486135294
41.653486129411
42.653486123529
43.653486117647
44.653486111764
