# Starting timestamper
&20# Starting timestamper
0.894501905882
1.894501905882
2.894501905882
3.894501905882
4.894501905882
5.894501905882
6.894501905882
7.894501905882
8.894501905882
9.894501905882
10.894501905882
11.894501905882
12.894501905882
13.894501905882
14.894501905882
15.894501905882
16.894501905882
17.894501905882
18.894501905882
19.894501905882
20.894501905882
21.894501905882
22.894501905882
23.894501905882
24.894501905882
25.894501905882
26.894501905882
27.894501905882
28.894501905882
29.894501905882
30.894501905882
31.894501905882
32.894501905882
33.894501905882
34.894501905882
35.894501905882
36.894501905882
37.894501905882
38.894501905882
39.894501905882
40.894501905882
41.894501905882
42.894501905882
43.894501905882
44.894501905882
45.894501905882
46.894501905882
47.894501905882
48.894501905882
49.894501905882
50.894501905882
51.894501905882
52.894501905882
53.894501905882
54.894501905882
55.894501905882
56.894501905882
57.894501905882
58.894501905882
59.894501905882
60.894501905882
61.894501905882
62.894501905882
63.894501905882
64.894501905882
65.894501905882
66.894501905882
67.894501905882
68.894501905882
69.894501905882
70.894501905882
71.894501905882
72.894501905882
73.894501905882
74.894501905882
75.894501905882
76.894501905882
77.894501905882
78.894501905882
79.894501905882
80.894501905882
81.894501905882
82.894501905882
83.894501905882
84.894501905882
85.894501905882
86.894501905882
87.894501905882
88.894501905882
89.894501905882
90.894501905882
91.894501905882
92.894501905882
93.894501905882
94.894501905882
95.894501905882
96.894501905882
97.894501905882
98.894501905882
99.894501905882
100.894501905882
101.894501905882
102.894501905882
103.894501905882
104.894501905882
105.894501905882
106.894501905882
107.894501905882
108.894501905882
109.894501905882
109.894511470588
110.894501905882
110.894506888235
111.894501905882
112.894501905882
113.894501905882
113.894510076470
114.894501905882
115.894501905882
116.894501905882
117.894501905882
118.894501905882
119.894501905882
120.894501905882
121.894501905882
122.894501905882
123.894501905882
124.894501905882
125.894501905882
126.894501905882
127.894501905882
128.894501905882
129.894501905882
130.894501905882
131.894501905882
132.894501905882
133.894501905882
134.894501905882
135.894501905882
136.894501905882
137.894501905882
138.894501905882
139.894501905882
140.894501905882
141.894501905882
142.894501905882
143.894501905882
144.894501905882
145.894501905882
146.894501905882
147.894501905882
148.894501905882
149.894501905882
150.894501905882
151.894501905882
152.894501905882
153.894501905882
154.894501905882
155.894501905882
156.894501905882
157.894501905882
158.894501905882
159.894501905882
160.894501905882
161.894501905882
162.894501905882
163.894501905882
164.894501905882
165.894501905882
166.894501905882
167.894501905882
168.894501905882
169.894501905882
170.894501905882
171.894501905882
171.894508941176
172.894501905882
173.894501905882
174.894501905882
174.894510658823
175.894501905882
176.894501905882
177.894501905882
178.894501905882
179.894501905882
180.894501905882
180.894508611764
181.894501905882
182.894501905882
182.894508917647
183.894501905882
184.894501905882
184.894504782352
185.894501905882
186.894501905882
187.894501905882
188.894501905882
188.894506600000
189.894501905882
190.894501905882
191.894501905882
192.894501905882
193.894501905882
194.894501905882
195.894501905882
196.894501905882
197.894501905882
198.894501905882
199.894501905882
200.894501905882
201.894501905882
202.894501905882
203.894501905882
204.894501905882
205.894501905882
206.894501947058
207.894501905882
208.894501905882
209.894501905882
210.894501905882
211.894501905882
212.894501905882
213.894501905882
214.894501905882
215.894501905882
216.894501905882
217.894501905882
218.894501905882
219.894501905882
220.894501905882
221.625513723529
221.894502105882
222.894502105882
223.894502105882
224.894502105882
225.894502105882
226.894502105882
227.894502105882
228.894502105882
229.894502105882
230.894502105882
231.894502105882
232.894502111764
233.894502111764
234.894502211764
235.894502211764
236.894502211764
237.894502211764
238.894502211764
239.894502211764
240.894502211764
241.894502211764
242.894502211764
243.894502211764
244.894502211764
245.894502211764
246.894502211764
247.894502211764
248.894502211764
249.894502211764
250.894502211764
251.894502211764
252.894502211764
253.894502211764
254.894502211764
255.894502311764
256.894502311764
257.894502311764
258.894502311764
259.894502311764
260.894502311764
261.894502311764
262.894502311764
263.894502311764
264.894502311764
265.894502311764
266.894502311764
267.894502311764
268.894502311764
269.894502311764
270.894502311764
271.894502311764
272.894502305882
273.894502311764
274.894502311764
274.894507041176
275.894502311764
275.894508552941
276.894502311764
276.894507629411
277.894502311764
278.894502311764
279.894502311764
280.894502311764
281.894502311764
282.894502311764
283.894502311764
284.894502311764
284.894504552941
285.894502311764
286.894502311764
287.894502311764
288.894502311764
289.894502311764
290.894502311764
291.894502311764
292.894502311764
293.894502311764
294.894502311764
295.894502311764
296.894502311764
297.894502311764
298.894502311764
298.894508552941
299.894502311764
299.894503435294
300.894502311764
301.894502311764
302.894502311764
303.894502311764
304.894502311764
305.894502311764
306.894502311764
307.894502311764
308.894502311764
309.894502311764
309.894503070588
310.894502311764
311.894502305882
311.894507935294
312.894502311764
313.894502311764
314.894502311764
314.894506435294
315.894502311764
316.894502311764
317.894502311764
318.894502311764
319.894502311764
319.894505582352
320.894502311764
321.894502311764
322.894502311764
323.894502311764
324.894502311764
325.894502311764
326.894502305882
327.894502311764
328.894502311764
329.894502311764
330.894502311764
331.894502311764
332.894502311764
333.894502311764
334.894502311764
335.894502311764
336.894502311764
337.894502311764
338.894502311764
339.894502311764
340.894502311764
341.894502311764
342.894502311764
343.894502311764
344.894502311764
345.894502311764
345.894506929411
346.894502311764
347.894502311764
348.894502311764
349.894502311764
350.894502311764
351.894502311764
352.894502311764
353.894502311764
354.894502305882
354.894510388235
355.894502311764
356.894502311764
357.894502311764
358.894502311764
359.894502311764
360.894502311764
361.894502311764
362.894502311764
363.894502311764
364.894502311764
365.894502311764
366.894502311764
367.894502311764
368.894502311764
369.894502311764
370.894502311764
371.894502311764
372.894502311764
373.894502311764
374.894502311764
375.894502311764
376.894502311764
377.894502311764
378.894502311764
379.894502311764
380.894502311764
381.894502311764
382.894502311764
383.894502311764
384.894502311764
385.894502311764
386.894502311764
387.894502311764
388.894502311764
389.894502311764
390.894502311764
391.894502311764
392.894502311764
393.894502311764
393.894511488235
394.894502311764
395.894502311764
396.894502311764
396.894509929411
397.894502311764
397.894505652941
398.894502311764
399.894502311764
400.894502311764
401.894502311764
402.894502305882
403.894502311764
404.894502311764
405.894502311764
405.894503200000
406.894502311764
407.894502311764
408.894502311764
409.894502311764
410.894502311764
411.894502311764
412.894502311764
413.894502311764
414.894502311764
414.894506729411
415.894502311764
416.894502311764
417.894502311764
418.894502311764
419.894502311764
420.894502311764
421.894502311764
422.894502311764
423.894502311764
424.894502311764
425.894502311764
427.668069170588
427.684732458823
427.701337464705
427.718000758823
427.734668070588
427.751344164705
427.768030252941
427.784654058823
427.801336058823
427.818031770588
427.834713364705
427.851431876470
427.868085458823
427.884725352941
427.901408958823
427.918054570588
427.934608870588
427.951016064705
427.967747958823
427.984425264705
428.001087364705
428.017736664705
428.034399364705
428.051082776470
428.067762364705
428.084404364705
428.101083558823
428.117714064705
428.134403664705
428.151070858823
428.167706070588
428.184391070588
428.201062164705
428.217755870588
428.234412464705
428.251096270588
428.267765064705
428.284426970588
428.301114964705
428.317775676470
428.334475664705
428.351118558823
428.367773764705
428.384453564705
428.401126364705
428.417756276470
428.434457670588
428.451118558823
428.467817458823
428.484452770588
428.501129270588
428.517776470588
428.534459670588
428.551130858823
428.567780564705
428.584438858823
428.601141764705
428.617799164705
428.634461364705
428.651126070588
428.667801252941
428.684452758823
428.701132358823
428.717801364705
428.734497870588
428.751137664705
428.767799970588
428.784465270588
428.801096164705
428.817778558823
428.834445070588
428.851139064705
428.867793258823
428.884467064705
428.901143058823
428.917756458823
428.934439270588
428.951074570588
428.967785258823
428.984432164705
429.001118370588
429.017761158823
429.034442264705
429.051102576470
429.067768164705
429.084426264705
429.101095658823
429.117767958823
429.134420152941
429.151081364705
429.167755764705
429.184417264705
429.201104764705
429.217734464705
429.234415570588
429.251078670588
429.267734870588
429.284414870588
429.301071570588
429.317720964705
429.334403452941
429.351072176470
429.367749864705
429.384385970588
429.401061458823
429.417722970588
429.434396870588
429.451057164705
429.467704870588
429.484370858823
429.501083358823
429.517722358823
429.534408964705
429.551067764705
429.567731264705
429.584389864705
429.601068676470
429.617719770588
429.634381264705
429.651051570588
429.667714670588
429.684381064705
429.701053270588
429.717724670588
429.734382770588
429.751043370588
429.767722364705
429.784375364705
429.801046164705
429.817753264705
429.834442364705
429.851135370588
429.867789764705
429.884463576470
429.901177552941
429.917873064705
429.934505876470
429.951195770588
429.967839270588
429.984500858823
430.001179264705
430.017818352941
430.034497758823
430.051165864705
430.067814070588
430.084479164705
430.101153970588
430.117767058823
430.134356670588
430.151008558823
430.167708570588
430.184340158823
430.201026570588
430.217689370588
430.234351964705
430.251036964705
430.267716570588
430.284384670588
430.301027564705
430.317711764705
430.334381564705
430.351053864705
430.367732282352
430.384401758823
430.401053770588
430.417718764705
430.434382764705
430.451042152941
430.467719564705
430.484376864705
430.501045970588
430.517713558823
430.534427370588
430.551131364705
430.567797664705
430.584453364705
430.601058970588
430.617692970588
430.634380064705
430.651056064705
430.667714376470
430.684442064705
430.701112770588
430.717787764705
430.734394164705
430.751048370588
430.767716170588
430.784366864705
430.801044870588
430.817690364705
430.834365464705
430.851014764705
430.867679252941
430.884340970588
430.901010064705
430.917673664705
430.934341758823
430.951014076470
430.967670864705
430.984337664705
431.001011870588
431.017664676470
431.034340870588
431.051000370588
431.067684764705
431.084343082352
431.101010664705
431.117660064705
431.134343158823
431.150999464705
431.167683852941
431.184338164705
431.201008670588
431.217679270588
431.234341170588
431.251014064705
431.267685370588
431.284331470588
431.301005452941
431.317655252941
431.334342270588
431.350992370588
431.367669170588
431.384309964705
431.400987364705
431.417630652941
431.434289364705
431.450969176470
431.467616870588
431.484274764705
431.500959076470
431.517580970588
431.534279958823
431.550918058823
431.567573776470
431.584220370588
431.600901364705
431.617552558823
431.634238076470
431.650911864705
431.667557758823
431.684221058823
431.700914358823
431.717540570588
431.734232782352
431.750892564705
431.767565858823
431.784223664705
431.800902170588
431.817542664705
431.834200876470
431.850891770588
431.867547358823
431.884191570588
431.900861970588
431.917523970588
431.934207664705
431.950877170588
431.967520764705
431.984200170588
432.000865152941
432.017516670588
432.034199558823
432.050859964705
432.067523970588
432.084185864705
432.100864570588
432.117511464705
432.134182158823
432.150854170588
432.167516664705
432.184178147058
432.200837964705
432.217507670588
432.234174864705
432.250852270588
432.267510370588
432.284169164705
432.300844364705
432.317506976470
432.334167064705
432.350856958823
432.367513470588
432.384160564705
432.400850664705
432.417503264705
432.434174458823
432.450832164705
432.467500376470
432.484166464705
432.500844664705
432.517495676470
432.534160864705
432.550844764705
432.567502170588
432.584162076470
432.600829876470
432.617503464705
432.634170270588
432.650836464705
432.667504458823
432.684141470588
432.700847564705
432.717489570588
432.734159264705
432.750823758823
432.767490558823
432.784155170588
432.800816764705
432.817497270588
432.834149758823
432.850828258823
432.867495070588
432.884144670588
432.900813564705
432.917457770588
432.934153170588
432.950795070588
432.967463464705
432.984138964705
433.000806670588
433.017472164705
433.034107458823
433.050794164705
433.067471764705
433.084124970588
433.100797670588
433.117457164705
433.134136664705
433.150802758823
433.167468064705
433.184127052941
433.200790070588
433.217460464705
433.234117764705
433.250804064705
433.267456158823
433.284111458823
433.300793970588
433.317440864705
433.334106364705
433.350788764705
433.367428470588
433.384120870588
433.400768670588
433.417443164705
433.434103364705
433.450784570588
433.467447464705
433.484097558823
433.500793282352
433.517437864705
433.534094870588
433.550779464705
433.567447476470
433.584104864705
433.600772364705
433.617432876470
433.634100764705
433.650764858823
433.667430770588
433.684094670588
433.700757952941
433.717423470588
433.734097464705
433.750782458823
433.767454958823
433.784108764705
433.800729564705
433.817389758823
433.834078664705
433.850759164705
433.867421852941
433.884077364705
433.900744358823
433.917413264705
433.934081070588
433.950739864705
433.967407164705
433.984076864705
434.000736770588
434.017399964705
434.034054864705
434.050747270588
434.067375264705
434.084058570588
434.100727676470
434.117390464705
434.134065764705
434.150730664705
434.167394964705
434.184055764705
434.200722658823
434.217377864705
434.234052976470
434.250734964705
434.267370270588
434.284054964705
434.300714064705
434.317380864705
434.334059064705
434.350712770588
434.367388458823
434.384034664705
434.400719876470
434.417368564705
434.434053564705
434.450713770588
434.467370370588
434.484048070588
434.500710364705
434.517375570588
434.534033264705
434.550708764705
434.567373064705
434.584028964705
434.600709770588
434.617340158823
434.634052870588
434.650711070588
434.667375464705
434.684026370588
434.700709170588
434.717369458823
434.734045570588
434.750715364705
434.767368276470
434.784032570588
434.800701070588
434.817372970588
434.834042364705
434.850715776470
434.867360752941
434.884050358823
434.900713464705
434.917367264705
434.934035064705
434.950706558823
434.967367064705
434.984037858823
435.000716764705
435.017361764705
435.034037470588
435.050704170588
435.067345770588
435.084031964705
435.100677376470
435.117349570588
435.134024276470
435.150682570588
435.167360458823
435.184026464705
435.200696776470
435.217345364705
435.234020370588
435.250701958823
435.267359770588
435.284006758823
435.300701670588
435.317340264705
435.334031158823
435.350692964705
435.367353564705
435.384015870588
435.400687264705
435.417331964705
435.434012870588
435.450690464705
435.467342258823
435.484005864705
435.500679170588
435.517334070588
435.534014664705
435.550681364705
435.567336258823
435.584014158823
435.600676070588
435.617322670588
435.633989670588
435.650671470588
435.667334264705
435.684003358823
435.700677070588
435.717328970588
435.734002764705
435.750670964705
435.767331670588
435.783995270588
435.800667776470
435.817339770588
435.833999258823
435.850667158823
435.867327870588
435.883983870588
435.900668858823
435.917322064705
435.933986664705
435.950664770588
435.967326964705
435.983979564705
436.000656870588
436.017313364705
436.033985952941
436.050663864705
436.067323970588
436.083983658823
436.100662970588
436.117301770588
436.133978364705
436.150673370588
436.167320064705
436.183983476470
436.200644558823
436.217314970588
436.233988858823
436.250663164705
436.267321770588
436.283977170588
436.300645870588
436.317307364705
436.333975664705
436.350656670588
436.367297970588
436.383979264705
436.400654158823
436.417307252941
436.433995870588
436.450658770588
436.467319164705
436.483976258823
436.500658958823
436.517315258823
436.533981458823
436.550658064705
436.567320258823
436.583994464705
436.600648570588
436.617309682352
436.633993770588
436.650659870588
436.667316364705
436.683966964705
436.700651158823
436.717314864705
436.733984964705
436.750655270588
436.767318758823
436.783972858823
436.800639864705
436.817281564705
436.833973076470
436.850649064705
436.867311870588
436.883978270588
436.900650470588
436.917292958823
436.933972158823
436.950653864705
436.967310470588
436.983944358823
437.000621770588
437.017251470588
437.033980870588
437.050632758823
437.067287564705
437.083956070588
437.100628364705
437.117288770588
437.133945658823
437.150632558823
437.167283970588
437.183963870588
437.200628158823
437.217283964705
437.233946764705
437.250621658823
437.267281070588
437.283952764705
437.300624570588
437.317283658823
437.333968264705
437.350619870588
437.367296070588
437.383964070588
437.400632964705
437.417300264705
437.433995470588
437.450672964705
437.467318958823
437.484105070588
437.500770070588
437.517301058823
437.534003358823
437.550757564705
437.567432070588
437.584117670588
437.600780764705
437.617393770588
437.634096670588
437.650783976470
437.667442576470
437.684086570588
437.700781158823
437.717434364705
437.734093764705
437.750773152941
437.767431070588
437.784076376470
437.800764252941
437.817403570588
437.834090264705
437.850765864705
437.867426264705
437.884089876470
437.900761670588
437.917424464705
437.934089264705
437.950743664705
437.967419264705
437.984075564705
438.000743464705
438.017400470588
438.034076652941
438.050761564705
438.067399764705
438.084078570588
438.100742564705
438.117383270588
438.134078464705
438.150747764705
438.167404676470
438.184054776470
438.200717364705
438.217399470588
438.234053670588
438.250745752941
438.267398364705
438.284074364705
438.300715370588
438.317367558823
438.334059652941
438.350717864705
438.367388764705
438.384049364705
438.400714464705
438.417366658823
438.434049764705
438.450728664705
438.467387070588
438.484047558823
438.500716358823
438.517376358823
438.534063664705
438.550712264705
438.567386570588
438.584025058823
438.600726852941
438.617364658823
438.634055670588
438.650724152941
438.667372764705
438.684040964705
438.700723664705
438.717368676470
438.734049958823
438.750712364705
438.767363464705
438.784033870588
438.800719370588
438.817364158823
438.834041870588
438.850703364705
438.867362564705
438.884031170588
438.900697664705
438.917341670588
438.934036158823
438.950678464705
438.967353264705
438.984021576470
439.000702676470
439.017335758823
439.034034170588
439.050677552941
439.067348364705
439.084014470588
439.100693464705
439.117335858823
439.134019464705
439.150694570588
439.167349164705
439.184015252941
439.200685764705
439.217326864705
439.234027164705
439.250686470588
439.267352664705
439.284015770588
439.300687664705
439.317343864705
439.334023270588
439.350689370588
439.367342670588
439.384012458823
439.400688570588
439.417327452941
439.434013564705
439.450694064705
439.467340970588
439.484012476470
439.500699564705
439.517349470588
439.534034158823
439.550700570588
439.567357970588
439.584031364705
439.600701964705
439.617355770588
439.634041582352
439.650693158823
439.667383058823
439.684029870588
439.700700564705
439.717352664705
439.734031958823
439.750707164705
439.767351064705
439.784008164705
439.800676370588
439.817350364705
439.834004664705
439.850670270588
439.867324870588
439.884007964705
439.900671858823
439.917305464705
439.933918270588
439.950596364705
439.967290558823
439.983979858823
440.000670270588
440.017346170588
440.034037952941
440.050700870588
440.067376270588
440.084029970588
440.100715964705
440.117363270588
440.134045870588
440.150698258823
440.167382664705
440.184063464705
440.200755964705
440.217383670588
440.234077864705
440.250754264705
440.267439164705
440.284106958823
440.300822182352
440.317526464705
440.334176064705
440.351008364705
440.367354558823
440.384073358823
440.400758858823
440.417424070588
440.434086858823
440.450745364705
440.467415652941
440.484087770588
440.500738864705
440.517379770588
440.534101364705
440.550737664705
440.567333464705
440.584044864705
440.600728058823
440.617370464705
440.634024676470
440.650693364705
440.667413158823
440.684033164705
440.700750058823
440.717374158823
440.734160858823
440.750849070588
440.767490852941
440.784341664705
440.800904876470
440.817621264705
440.834278170588
440.850875052941
440.867479064705
440.884074064705
440.900805158823
440.917581876470
440.934401764705
440.951018276470
440.967516264705
440.984243864705
441.000908558823
441.017599876470
441.034320370588
441.051027770588
441.067685664705
441.084339670588
441.101032064705
441.117774364705
441.134436952941
441.151097170588
441.167747158823
441.184424464705
441.201107464705
441.217798764705
441.234460864705
441.251159270588
441.267806164705
441.284492370588
441.301142264705
441.317830247058
441.334434564705
441.351113564705
441.367875970588
441.384547252941
441.401270064705
441.417928864705
441.434588664705
441.451277052941
441.467912776470
441.484619270588
441.501284170588
441.517963570588
441.534554370588
441.551244064705
441.567910570588
441.584612876470
441.601285176470
441.617960276470
441.634569970588
441.651249882352
441.667955064705
441.684622858823
441.701247758823
441.717931164705
441.734645264705
441.751279976470
441.767993182352
441.784591864705
441.801322064705
441.817974964705
441.834632264705
441.851327964705
441.867961264705
441.884651764705
441.901302158823
441.917961882352
441.934644564705
441.951313558823
441.968016670588
441.984650858823
442.001376264705
442.018085888235
442.034709052941
442.051384458823
442.068020370588
442.084710864705
442.101394058823
442.118063564705
442.134725670588
442.151403758823
442.168072658823
442.184726170588
442.201408676470
442.218100170588
442.234766658823
442.251397558823
442.268108976470
442.284767464705
442.301418776470
442.318108464705
442.334798164705
442.351474464705
442.359728570588
442.368140664705
442.384800176470
442.401468970588
442.418171876470
442.434859558823
442.451555864705
442.468147564705
442.484869564705
442.501582064705
442.518196252941
442.534906564705
442.551608064705
442.568297164705
442.584942470588
442.601639052941
442.618295070588
442.634935370588
442.651668070588
442.668294370588
442.684967870588
442.701651564705
442.718301052941
442.734991258823
442.743194088235
442.743229570588
442.751607752941
442.768301476470
442.784985470588
442.801946064705
442.818807064705
442.835862564705
442.853177676470
442.853393858823
442.853535770588
442.853606652941
442.853783964705
442.853819458823
442.853925952941
442.853961447058
442.854067864705
442.854138788235
442.854174258823
442.854280464705
443.235358370588
443.251639058823
443.268266176470
443.284949276470
443.301583158823
443.318260058823
443.334919564705
443.351615164705
443.368252364705
443.384952264705
443.401601164705
443.418130770588
443.434850864705
443.451518464705
443.468168470588
443.484852082352
443.501560564705
443.518180058823
443.534872852941
443.551514582352
443.568194858823
443.584878376470
443.601500770588
443.618204764705
443.634853958823
443.651540770588
443.668154770588
443.684849258823
443.701544770588
443.718169570588
443.734879258823
443.751522070588
443.768200770588
443.784883558823
443.801560270588
443.818189852941
443.834875858823
443.851552764705
443.868245164705
443.884910252941
443.901527670588
443.918232276470
443.934873558823
443.951569264705
443.968230858823
443.984871964705
444.001547252941
444.018202170588
444.034904064705
444.051565270588
444.068211364705
444.084906470588
444.101564164705
444.118206164705
444.126483276470
444.134843970588
444.151530558823
444.168187176470
444.184875170588
444.201516252941
444.218181158823
444.234827752941
444.251477564705
444.268124670588
444.284778664705
444.301435870588
444.318153664705
444.334788852941
444.351478064705
444.368154264705
444.384784758823
444.401503858823
444.418157370588
444.434829064705
444.451472964705
444.468150970588
444.484822352941
444.501467864705
444.518079870588
444.534802658823
444.551465270588
444.568083470588
444.584831858823
444.601467852941
444.618123064705
444.634779464705
444.651463558823
444.668112358823
444.684797670588
444.701429752941
444.718090058823
444.734826264705
444.751500670588
444.768184864705
444.784894564705
444.801543370588
444.818255264705
444.834935358823
444.851620152941
444.868267864705
444.884950064705
444.901654658823
444.918299764705
444.934939664705
444.951568264705
444.968330370588
444.984972664705
445.001594576470
445.018225952941
445.034917464705
445.051587870588
445.068264264705
445.084948458823
445.101692364705
445.118317664705
445.134923864705
445.151551670588
445.168158464705
445.184800870588
445.201433664705
445.218151764705
445.234808270588
445.251490464705
445.268119470588
445.284840070588
445.301493464705
445.318165876470
445.334866264705
445.351533670588
445.368184276470
445.384887876470
445.401575176470
445.418235870588
445.434918458823
445.451583164705
445.468296458823
445.484946858823
445.501582058823
445.518198964705
445.534796758823
445.551566970588
445.568283976470
445.584895952941
448.151836276470
448.167951052941
448.184143664705
448.200649958823
448.217370464705
448.234722458823
448.251446970588
448.268096670588
448.284873264705
448.301556158823
448.318250270588
448.334874058823
448.351297670588
448.367974170588
448.384602564705
448.401298164705
448.417964870588
448.434662270588
448.451309564705
448.468003764705
448.484652664705
448.501332558823
448.517996376470
448.534669164705
448.551333664705
448.567995076470
448.584675170588
448.601335058823
448.618014064705
448.634646664705
448.651340270588
448.668016964705
448.684673270588
448.701346764705
448.718013164705
448.734698670588
448.751340264705
448.768038270588
448.784692658823
448.801369570588
448.818040564705
448.834717864705
448.851378964705
448.868029364705
448.884729164705
448.901455564705
448.918022664705
448.934801464705
448.951422970588
448.968186564705
448.984836064705
449.001497258823
449.018149058823
449.034849464705
449.051485564705
449.068153152941
449.084830564705
449.101540670588
449.118083264705
449.134798664705
449.151515864705
449.168215764705
449.184898070588
449.201599264705
449.218299364705
449.235041358823
449.251702964705
449.268397564705
449.285010870588
449.301656564705
449.318266370588
449.334889376470
449.351551070588
449.368182264705
449.384763064705
449.401297064705
449.417990852941
449.434659664705
449.451302664705
449.467946064705
449.484546470588
449.501167264705
449.517791870588
449.534418758823
449.551000564705
449.567655664705
449.584310776470
449.600958164705
449.617606064705
449.634214164705
449.650929464705
449.667636364705
449.684393776470
449.701027064705
449.717669352941
449.734373164705
449.751065770588
449.767548276470
449.784262964705
449.801207764705
449.818097564705
449.834796458823
449.851407564705
449.867947370588
449.884408770588
449.901417670588
449.918088464705
449.934702152941
449.951340970588
449.968116570588
449.984998164705
450.001727570588
450.018295864705
450.034757764705
450.051852770588
450.068540070588
450.085209864705
450.101801670588
450.118525164705
450.134789464705
450.151825264705
450.168445470588
450.184821870588
450.201866658823
450.218584764705
450.234406876470
450.250918964705
450.267788670588
450.284369664705
450.301016564705
450.317659570588
450.334298764705
450.351027764705
450.367761558823
450.384473664705
450.401134958823
450.417818264705
450.434392958823
450.450987976470
450.467539276470
450.484239370588
450.500710870588
450.517296564705
450.534342564705
450.551069370588
450.567703864705
450.584285858823
450.600983870588
450.617626270588
450.634307752941
450.650988170588
450.667640264705
450.684304164705
450.700980064705
450.717632464705
450.734303564705
450.750976576470
450.767655558823
450.784298776470
450.800984164705
450.817650064705
450.834320052941
450.850995970588
450.867654558823
450.884331758823
450.900995164705
450.917683064705
450.934331864705
450.951015364705
450.967660470588
450.984350870588
451.001010170588
451.017642176470
451.034532358823
451.051305358823
451.067855164705
451.084529470588
451.101039764705
451.117762664705
451.134429558823
451.151057564705
451.167687764705
451.184307764705
451.200999664705
451.217669764705
451.234362364705
451.250997064705
451.267660876470
451.284329370588
451.300987670588
451.317626676470
451.334284670588
451.350961264705
451.367609264705
451.384277164705
451.400923764705
451.417593570588
451.434277858823
451.450920358823
451.467590564705
451.484264864705
451.500919064705
451.517584364705
451.534265364705
451.550897570588
451.567581964705
451.584214670588
451.600906770588
451.617556864705
451.634241464705
451.650897270588
451.667577164705
451.684216864705
451.700921647058
451.717557364705
451.734242064705
451.750899764705
451.767559864705
451.784219664705
451.800894458823
451.817561364705
451.834232864705
451.850918364705
451.867559870588
451.884229770588
451.900908464705
451.917559464705
451.934232864705
451.950926270588
451.967567070588
451.984239464705
452.000902964705
452.017568170588
452.034242958823
452.050903170588
452.067577164705
452.084237858823
452.100897664705
452.117571370588
452.134248064705
452.150885470588
452.167566264705
452.184240470588
452.200923064705
452.217560552941
452.234245664705
452.250919564705
452.267577464705
452.284240464705
452.300926064705
452.317565270588
452.334245670588
452.350914664705
452.367581958823
452.384236576470
452.400924270588
452.417572670588
452.434244364705
452.450912964705
452.467577064705
452.484260070588
452.500922164705
452.517564664705
452.534243170588
452.550922158823
452.567578570588
452.584257070588
452.600922170588
452.617553164705
452.634265264705
452.650913064705
452.667578964705
452.684257664705
452.700916770588
452.717571064705
452.734259170588
452.750910864705
452.767581270588
452.784235870588
452.800921764705
452.817554864705
452.834256164705
452.850916664705
452.867569270588
452.884253870588
452.900920852941
452.917572270588
452.934261370588
452.950921858823
452.967581870588
452.984249270588
453.000911664705
453.017588664705
453.034248764705
453.050916764705
453.067573670588
453.084231158823
453.100914564705
453.117558052941
453.134238264705
453.150893770588
453.167580064705
453.184228670588
453.200916864705
453.217573770588
453.234236564705
453.250907258823
453.267584570588
453.284236776470
453.300915758823
453.317581864705
453.334256064705
453.350914258823
453.367584370588
453.384237264705
453.400916764705
453.417576464705
453.434255458823
453.450915170588
453.467580370588
453.484243358823
453.500913064705
453.517570564705
453.534234064705
453.550923064705
453.567562764705
453.584240464705
453.600886870588
453.617571958823
453.634245264705
453.650911770588
453.667574264705
453.684240064705
453.700911658823
453.717563464705
453.734232670588
453.750923358823
453.767581570588
453.784233258823
453.800877664705
453.817578064705
453.834225370588
453.850918770588
453.867597964705
453.884265970588
453.900938664705
453.917602258823
453.934286164705
453.950933476470
453.967618964705
453.984289064705
454.000959964705
454.017635770588
454.034305858823
454.051005964705
454.067652570588
454.084324258823
454.100999576470
454.117695764705
454.134369058823
454.151039070588
454.167715470588
454.184381664705
454.201064770588
454.217742964705
454.234393358823
454.251074370588
454.267773164705
454.284444658823
454.301108658823
454.317718058823
454.334350764705
454.351030570588
454.367683358823
454.384340064705
454.401015764705
454.417692264705
454.434360264705
454.451038458823
454.467700364705
454.484367670588
454.501027164705
454.517704564705
454.534349364705
454.551032658823
454.567689552941
454.584361564705
454.601038352941
454.617700270588
454.634368364705
454.651034564705
454.667713070588
454.684366658823
454.701032458823
454.717693164705
454.734363064705
454.751037670588
454.767708258823
454.784393870588
454.801080352941
454.817752682352
454.834425264705
454.851076770588
454.867764564705
454.884422070588
454.901073564705
454.917741958823
454.934400764705
454.951061470588
454.967729164705
454.984371164705
455.001052164705
455.017714270588
455.034383364705
455.051049464705
455.067717264705
455.084367870588
455.101034458823
455.117709464705
455.134389958823
455.151056264705
455.167711558823
455.184363764705
455.201026682352
455.217707664705
455.234380864705
455.251044264705
455.267713270588
455.284354370588
455.301045570588
455.317684864705
455.334380670588
455.351039170588
455.367687276470
455.384379158823
455.401045470588
455.417706864705
455.434378664705
455.451053558823
455.467709464705
455.484367864705
455.501048870588
455.517712964705
455.534372464705
455.551053064705
455.567718958823
455.584381564705
455.601055864705
455.617712570588
455.634384770588
455.651066264705
455.667727164705
455.684374464705
455.701062770588
455.717721258823
455.734386870588
455.751060270588
455.767704364705
455.784391364705
455.801050970588
455.817713570588
455.834364964705
455.851058658823
455.867728564705
455.884392864705
455.901052552941
455.917707370588
455.934353970588
455.951054764705
455.967727664705
455.984387764705
456.001050564705
456.017722564705
456.034369864705
456.051044664705
456.067703364705
456.084375958823
456.101050958823
456.117699370588
456.134390764705
456.151063858823
456.167717264705
456.184381958823
456.201061176470
456.217715264705
456.234379070588
456.251053676470
456.267726464705
456.284378364705
456.301057370588
456.317711464705
456.334383164705
456.351067870588
456.367710164705
456.384390358823
456.401057964705
456.417723958823
456.434393058823
456.451047552941
456.467721364705
456.484389464705
456.501068264705
456.517728158823
456.534399864705
456.551079958823
456.567745164705
456.584395464705
456.601074564705
456.617736970588
456.634378170588
456.651076058823
456.667738164705
456.684393670588
456.701091864705
456.717730652941
456.734435764705
456.751106764705
456.767762876470
456.784439070588
456.801107964705
456.817778164705
456.834441870588
456.851110270588
456.867774064705
456.884491858823
456.901140858823
456.917814758823
456.934489658823
456.951163470588
456.967849264705
456.984531964705
457.001205164705
457.017864570588
457.034542470588
457.051227170588
457.067882676470
457.084557876470
457.101269070588
457.117944864705
457.134601858823
457.151196164705
457.167868370588
457.184734470588
457.201476964705
457.218102570588
457.234796064705
457.251478664705
457.268129864705
457.284777664705
457.301445264705
457.318093264705
457.334753170588
457.351462370588
457.368075364705
457.384759376470
457.401431664705
457.418082764705
457.434777770588
457.451340152941
457.468461564705
457.484785276470
457.501083064705
457.517920564705
457.534775364705
457.551496964705
457.568149164705
457.584782470588
457.601329564705
457.617938152941
457.634476270588
457.651471864705
457.667959070588
457.684696170588
457.701363564705
457.718041676470
457.734687776470
457.751310370588
457.768035470588
457.784710064705
457.801340470588
457.817972264705
457.834683458823
457.851399464705
457.868079958823
457.884746664705
457.901422064705
457.917903458823
457.934716658823
457.951412664705
457.968161364705
457.984865370588
458.001517264705
458.018094358823
458.034816964705
458.051523970588
458.068211864705
458.084897064705
458.101589970588
458.118218858823
458.134932870588
458.151601664705
458.168258076470
458.184895158823
458.201563258823
458.218208564705
458.234877958823
458.251573864705
458.268219370588
458.284871864705
458.301555564705
458.318194670588
458.334865764705
458.351526176470
458.368184870588
458.384847464705
458.401520164705
458.418177764705
458.434864070588
458.451525064705
458.468220858823
458.484918964705
458.501587864705
458.518272670588
458.534953770588
458.551622970588
458.568297464705
458.584961870588
458.601645364705
458.618312470588
458.634975864705
458.651687158823
458.668396876470
458.685052464705
458.701743058823
458.718387158823
458.735085264705
458.751747170588
458.768402870588
458.785078570588
458.801728258823
458.818419864705
458.835051964705
458.851704676470
458.868388464705
458.885056364705
458.901709170588
458.918366564705
458.935033182352
458.951711164705
458.968341958823
458.985029152941
459.001701976470
459.018375064705
459.035034958823
459.051727964705
459.068389070588
459.085073964705
459.101757052941
459.118437558823
459.135110864705
459.151794070588
459.168463758823
459.185115664705
459.201805770588
459.218457964705
459.235137870588
459.251829076470
459.268493564705
459.285176752941
459.301835758823
459.318514582352
459.335204570588
459.351859664705
459.368540564705
459.385177776470
459.401891370588
459.418553276470
459.435236470588
459.451904664705
459.468572252941
459.485223970588
459.501905058823
459.518593558823
459.535268258823
459.551945464705
459.568604664705
459.585263370588
459.601932664705
459.618591664705
459.635254370588
459.651938258823
459.668604770588
459.685265458823
459.701930458823
459.718604658823
459.735265664705
459.751939764705
459.768607270588
459.785264964705
459.801949070588
459.818580164705
459.835264858823
459.851942058823
459.868615164705
459.885269958823
459.901953464705
459.918627964705
459.935285458823
459.951959170588
459.968620058823
459.985291370588
460.001953476470
460.018628770588
460.035293264705
460.051953064705
460.068603858823
460.085279558823
460.101965870588
460.118601564705
460.135265070588
460.151908470588
460.168609858823
460.185261564705
460.201969564705
460.218630770588
460.235226758823
460.251925764705
460.268596164705
460.285256670588
460.301928864705
460.318598964705
460.335265864705
460.351947064705
460.368598758823
460.385243970588
460.401915564705
460.418604070588
460.435261970588
460.451914470588
460.468601664705
460.485239064705
460.501946670588
460.518592458823
460.535224470588
460.551907264705
460.568545564705
460.585217864705
460.601850770588
460.618482370588
460.635087164705
460.651660270588
460.668285364705
460.684896970588
460.701590058823
460.718168664705
460.734873964705
460.751499470588
460.768202076470
460.784880764705
460.801551058823
460.818193564705
460.834903870588
460.851597664705
460.868273364705
460.884948364705
460.901617464705
460.918260564705
460.934912558823
460.951592670588
460.968271358823
460.984931470588
461.001622264705
461.018270870588
461.034962664705
461.051636170588
461.068275070588
461.084957164705
461.101661570588
461.118336470588
461.134889964705
461.151654264705
461.168319558823
461.184904276470
461.201519570588
461.218188964705
461.234832770588
461.251527164705
461.268196464705
461.284873164705
461.301533064705
461.318172764705
461.334811464705
461.351433364705
461.368093964705
461.384773964705
461.401302164705
461.417884270588
461.434574158823
461.451404064705
461.468036870588
461.484817670588
461.501505464705
461.518127570588
461.534773064705
461.551534764705
461.568270464705
461.584911070588
461.601596264705
461.618285164705
461.634999358823
461.651709064705
461.668387158823
461.685058170588
461.701707064705
461.718374570588
461.735043664705
461.751690064705
461.768392964705
461.785048376470
461.801745858823
461.818410870588
461.835085364705
461.851749158823
461.868401252941
461.885081858823
461.901744952941
461.918348270588
461.935059670588
461.951755964705
461.968412576470
461.985066870588
462.001794364705
462.018468158823
462.035182764705
462.051812758823
462.068498164705
462.085193870588
462.101869964705
462.118483858823
462.135259664705
462.151847652941
462.168517964705
462.185195064705
462.201820952941
462.218492170588
462.235124664705
462.251798470588
462.268431852941
462.285118570588
462.301796858823
462.318548452941
462.335085576470
462.351647152941
462.368328970588
462.385027670588
462.401759770588
462.418405758823
462.435277952941
462.452240670588
462.468659770588
462.485342364705
462.501975058823
462.518590652941
462.535203564705
462.551852370588
462.568510470588
462.585263164705
462.601924158823
462.618767064705
462.635552058823
462.652092364705
462.668594470588
462.685204252941
462.701905364705
462.718612358823
462.735327864705
462.751914964705
462.768549764705
462.785206864705
462.801869264705
462.818545270588
462.835199764705
462.851855864705
462.868545270588
462.885296970588
462.902074064705
462.918950558823
462.935414964705
462.951994552941
462.968659264705
462.985328664705
463.002044764705
463.018782476470
463.035486758823
463.052187764705
463.068771470588
463.085390070588
463.102092170588
463.118765364705
463.135370070588
463.151997164705
463.168672458823
463.185326764705
463.202051564705
463.218702470588
463.235500670588
463.252145558823
463.268787964705
463.285466976470
463.302133370588
463.318809958823
463.335445664705
463.352102658823
463.368731652941
463.385436170588
463.402104364705
463.418790258823
463.435427764705
463.452111064705
463.468764270588
463.485414564705
463.502101564705
463.518730070588
463.535413864705
463.552090464705
463.568740164705
463.585418658823
463.602086252941
463.618737470588
463.635413182352
463.652097158823
463.668760382352
463.685436464705
463.702104264705
463.718771970588
463.735441864705
463.752096858823
463.768789058823
463.785434058823
463.802094558823
463.818764658823
463.835446858823
463.852130770588
463.868805582352
463.885445064705
463.902143864705
463.918795364705
463.935467464705
463.952137764705
463.968788970588
463.985465276470
464.002154370588
464.018815864705
581.894525017647
582.894525023529
584.894525117647
586.894525217647
593.894525205882
594.894525205882
595.894525305882
596.894525305882
597.894525305882
598.894525305882
599.894525305882
600.894525305882
601.894525300000
602.894525300000
603.894525300000
604.894525500000
605.894525600000
606.894525800000
607.894526000000
608.894526300000
609.894527100000
610.894527594117
611.894528300000
612.894529500000
613.894529800000
614.894530000000
615.894530100000
616.894530100000
617.894530100000
618.894530194117
619.894530300000
620.894530400000
621.894530600000
622.894530700000
623.894531000000
624.894531000000
625.894532200000
626.894574294117
627.894821100000
628.895226600000
629.895239394117
630.895272300000
631.895282700000
632.895288000000
633.895301094117
634.895380794117
635.895527000000
636.895665994117
637.895701600000
638.895730300000
639.895731900000
640.895733300000
641.895734800000
642.895736400000
643.895736600000
644.895736800000
645.895737300000
646.895737400000
647.895737700000
648.895737800000
649.895738200000
650.895738700000
651.895738700000
652.895738900000
653.895738900000
654.895739400000
655.895739800000
656.895740300000
657.895740500000
658.895740700000
659.895740800000
660.895740900000
661.895741100000
662.895741600000
663.895741700000
664.895742300000
665.895742500000
666.895742800000
667.895743200000
668.895743200000
669.895743300000
670.895743300000
671.895743300000
672.895743300000
673.895743300000
674.895743300000
675.895743300000
676.895743300000
677.895743300000
678.895743300000
679.895743300000
680.895743300000
681.895743300000
682.895743300000
683.895743300000
684.895743300000
685.647530782352
685.895743400000
686.895743400000
687.529241176470
687.895743600000
688.895743700000
689.895743700000
690.895743800000
691.895743900000
692.895743900000
693.895744000000
694.895744200000
695.895744200000
696.895744200000
697.895744300000
698.895744300000
699.895744400000
700.895744400000
701.895744400000
702.895744400000
703.895744400000
704.895744600000
705.895744900000
706.895744900000
707.895744900000
708.895745900000
709.895746200000
710.895746700000
711.895746900000
712.895747500000
713.895747600000
714.895747900000
715.895748300000
716.895748300000
717.895748900000
718.895749900000
719.895750600000
720.895751400000
721.895751800000
722.895751900000
723.895752000000
724.895752000000
725.895752000000
726.895752100000
727.895752100000
728.895752100000
729.895752100000
730.895752100000
731.895752100000
732.895752100000
733.895752100000
734.895752100000
735.895752100000
736.895752100000
737.895752100000
738.895752100000
739.895752100000
740.895752200000
741.895752300000
742.895752300000
743.895752300000
744.895752300000
745.895752300000
746.895752300000
747.895752300000
748.895752300000
749.895752300000
750.895752300000
751.895752300000
752.895752300000
753.895752300000
754.895752300000
755.895752300000
756.895752300000
757.895752300000
758.895752300000
759.895752300000
760.895752400000
761.895752400000
762.895752400000
763.895752500000
764.895752500000
765.895752500000
766.895752500000
767.895752500000
768.895752500000
769.895752500000
770.895752500000
771.895752500000
772.895752900000
773.895752900000
774.895753300000
775.895753400000
776.895753600000
777.895753800000
778.895753800000
779.895753900000
780.895754300000
781.895754300000
782.895754300000
783.895754400000
784.895754400000
785.895754400000
786.895754400000
787.895755500000
788.895755700000
789.895755700000
790.895755700000
791.895755700000
792.895755800000
793.895756100000
794.895756200000
795.895756700000
796.895757000000
797.895757100000
798.895757900000
799.895758100000
800.895758300000
801.895758600000
802.895759100000
803.895759200000
804.895759800000
805.895760400000
806.895760800000
807.895761800000
808.895762100000
809.895762800000
810.895763000000
811.895763300000
812.895763300000
813.895763500000
814.895763500000
815.895763500000
816.895763600000
817.895763800000
818.895764500000
819.895765900000
820.895772400000
821.895780300000
822.895781900000
823.895783200000
824.895793800000
825.895797294117
826.895797300000
827.895797300000
828.895797300000
829.895797300000
830.895797300000
831.895797500000
832.895797494117
833.895797500000
834.895797500000
835.895797500000
836.895797500000
837.895797500000
838.895797500000
839.895797500000
840.895797500000
841.895797500000
842.895797500000
843.895797494117
844.895797494117
845.895797494117
846.895797494117
847.895797494117
848.895797494117
849.895797494117
850.895797494117
851.895797494117
852.895797494117
853.895797494117
854.895797494117
855.895797494117
856.895797494117
857.895797494117
858.895797494117
859.895797494117
860.895797500000
861.895797494117
862.895797494117
863.895797494117
864.895797494117
865.895797500000
866.895797494117
867.895797494117
868.895797500000
869.895797500000
870.895797494117
871.895797494117
872.895797494117
873.895797494117
874.895797494117
875.895797500000
876.895797494117
877.895797594117
878.895797600000
879.895797594117
880.895797594117
881.895797594117
882.895797594117
883.895797594117
884.895797600000
885.895797594117
886.895797594117
887.895797594117
888.895797594117
889.895797594117
890.895797594117
891.895797594117
892.895797594117
893.895797600000
894.895797600000
895.895797594117
896.895797594117
897.895797594117
898.895797594117
899.895797600000
900.895797594117
901.895797694117
902.895797694117
903.895797694117
904.895797694117
905.895797694117
906.895797694117
907.895797700000
908.895797694117
909.895797694117
910.895797694117
911.895797700000
912.895797694117
913.895797700000
914.895797694117
915.895797700000
916.895797694117
917.895797694117
918.895797694117
919.895797694117
920.895797700000
921.895797694117
922.895797694117
923.895797694117
924.895797694117
925.895797694117
926.895797700000
927.895797694117
928.895797694117
929.895797694117
930.895797700000
931.895797694117
932.895797694117
933.895797694117
934.895797700000
935.895797700000
936.895797700000
937.895797794117
938.895797794117
939.895797794117
940.895797794117
941.895797794117
942.895797794117
943.895797794117
944.895797794117
945.895797800000
946.895797794117
947.895797794117
948.895797800000
949.895797794117
950.895797794117
951.895797794117
952.895797794117
953.895797800000
954.895797794117
955.895797800000
956.895797794117
957.895797800000
958.895797794117
959.895797794117
960.895797794117
961.895797794117
962.895797794117
963.895797794117
964.895797794117
965.895797794117
966.895797794117
967.895797794117
968.895797794117
969.895797794117
970.895797794117
971.895797800000
972.895797794117
973.895797794117
974.895797794117
975.895797794117
976.895797800000
977.895797794117
978.895797800000
979.895797794117
980.895797794117
981.895797800000
982.895797794117
983.895797794117
984.895797894117
985.895797894117
986.895797894117
987.895797894117
988.895797894117
989.895797894117
990.895797894117
991.895797894117
992.895797900000
993.895797894117
994.895797894117
995.895797894117
996.895797900000
997.895797894117
998.895797894117
999.895797900000
1000.895797894117
1001.895797894117
1002.895797894117
1003.895797894117
1004.895797894117
1005.895797894117
1006.883447488235
1006.895797900000
1007.895797894117
1008.895797894117
1009.895798000000
1010.895798000000
1011.895797994117
1012.895798000000
1013.895797994117
1014.895797994117
1015.895797994117
1016.895797994117
1017.895797994117
1018.895797994117
1019.895798000000
1020.895798000000
1021.895797994117
1022.895797994117
1023.895797994117
1024.895797994117
1025.895797994117
1026.895797994117
1027.895797994117
1028.895797994117
1029.895797994117
1030.895798000000
1031.895798000000
1032.895797994117
1033.895797994117
1034.400221611764
1034.895798094117
1035.895798094117
1036.895798094117
1037.895798100000
1038.895798094117
1039.895798094117
